21 0.000000000000001
 ci_near_ion_singlet.out 
13 13
21
2
0.70710678118654746  a  1  2  3  4  5  6  7  8  9  10  11  12 13  b  1  2  3  4  5  6  7  8  9  10  11  12 14
0.70710678118654746  a  1  2  3  4  5  6  7  8  9  10  11  12 14  b  1  2  3  4  5  6  7  8  9  10  11  12 13
2
0.70710678118654746  a  1  2  3  4  5  6  7  8  9  10  11  13 12  b  1  2  3  4  5  6  7  8  9  10  11  13 14
0.70710678118654746  a  1  2  3  4  5  6  7  8  9  10  11  13 14  b  1  2  3  4  5  6  7  8  9  10  11  13 12
2
0.70710678118654746  a  1  2  3  4  5  6  7  8  9  10  11  14 12  b  1  2  3  4  5  6  7  8  9  10  11  14 13
0.70710678118654746  a  1  2  3  4  5  6  7  8  9  10  11  14 13  b  1  2  3  4  5  6  7  8  9  10  11  14 12
2
0.70710678118654746  a  1  2  3  4  5  6  7  8  9  10  12  13 11  b  1  2  3  4  5  6  7  8  9  10  12  13 14
0.70710678118654746  a  1  2  3  4  5  6  7  8  9  10  12  13 14  b  1  2  3  4  5  6  7  8  9  10  12  13 11
2
0.70710678118654746  a  1  2  3  4  5  6  7  8  9  10  12  14 11  b  1  2  3  4  5  6  7  8  9  10  12  14 13
0.70710678118654746  a  1  2  3  4  5  6  7  8  9  10  12  14 13  b  1  2  3  4  5  6  7  8  9  10  12  14 11
2
0.70710678118654746  a  1  2  3  4  5  6  7  8  9  10  13  14 11  b  1  2  3  4  5  6  7  8  9  10  13  14 12
0.70710678118654746  a  1  2  3  4  5  6  7  8  9  10  13  14 12  b  1  2  3  4  5  6  7  8  9  10  13  14 11
2
0.70710678118654746  a  1  2  3  4  5  6  7  8  9  11  12  13 10  b  1  2  3  4  5  6  7  8  9  11  12  13 14
0.70710678118654746  a  1  2  3  4  5  6  7  8  9  11  12  13 14  b  1  2  3  4  5  6  7  8  9  11  12  13 10
2
0.70710678118654746  a  1  2  3  4  5  6  7  8  9  11  12  14 10  b  1  2  3  4  5  6  7  8  9  11  12  14 13
0.70710678118654746  a  1  2  3  4  5  6  7  8  9  11  12  14 13  b  1  2  3  4  5  6  7  8  9  11  12  14 10
2
0.70710678118654746  a  1  2  3  4  5  6  7  8  9  11  13  14 10  b  1  2  3  4  5  6  7  8  9  11  13  14 12
0.70710678118654746  a  1  2  3  4  5  6  7  8  9  11  13  14 12  b  1  2  3  4  5  6  7  8  9  11  13  14 10
2
0.70710678118654746  a  1  2  3  4  5  6  7  8  9  12  13  14 10  b  1  2  3  4  5  6  7  8  9  12  13  14 11
0.70710678118654746  a  1  2  3  4  5  6  7  8  9  12  13  14 11  b  1  2  3  4  5  6  7  8  9  12  13  14 10
2
0.70710678118654746  a  1  2  3  4  5  6  7  8  10  11  12  13 9  b  1  2  3  4  5  6  7  8  10  11  12  13 14
0.70710678118654746  a  1  2  3  4  5  6  7  8  10  11  12  13 14  b  1  2  3  4  5  6  7  8  10  11  12  13 9
2
0.70710678118654746  a  1  2  3  4  5  6  7  8  10  11  12  14 9  b  1  2  3  4  5  6  7  8  10  11  12  14 13
0.70710678118654746  a  1  2  3  4  5  6  7  8  10  11  12  14 13  b  1  2  3  4  5  6  7  8  10  11  12  14 9
2
0.70710678118654746  a  1  2  3  4  5  6  7  8  10  11  13  14 9  b  1  2  3  4  5  6  7  8  10  11  13  14 12
0.70710678118654746  a  1  2  3  4  5  6  7  8  10  11  13  14 12  b  1  2  3  4  5  6  7  8  10  11  13  14 9
2
0.70710678118654746  a  1  2  3  4  5  6  7  8  10  12  13  14 9  b  1  2  3  4  5  6  7  8  10  12  13  14 11
0.70710678118654746  a  1  2  3  4  5  6  7  8  10  12  13  14 11  b  1  2  3  4  5  6  7  8  10  12  13  14 9
2
0.70710678118654746  a  1  2  3  4  5  6  7  8  11  12  13  14 9  b  1  2  3  4  5  6  7  8  11  12  13  14 10
0.70710678118654746  a  1  2  3  4  5  6  7  8  11  12  13  14 10  b  1  2  3  4  5  6  7  8  11  12  13  14 9
1
1.0  a  1  2  3  4  5  6  7  8  9  10  11  12  13   b  1  2  3  4  5  6  7  8  9  10  11  12  13
1
1.0  a  1  2  3  4  5  6  7  8  9  10  11  12  14   b  1  2  3  4  5  6  7  8  9  10  11  12  14
1
1.0  a  1  2  3  4  5  6  7  8  9  10  11  13  14   b  1  2  3  4  5  6  7  8  9  10  11  13  14
1
1.0  a  1  2  3  4  5  6  7  8  9  10  12  13  14   b  1  2  3  4  5  6  7  8  9  10  12  13  14
1
1.0  a  1  2  3  4  5  6  7  8  9  11  12  13  14   b  1  2  3  4  5  6  7  8  9  11  12  13  14
1
1.0  a  1  2  3  4  5  6  7  8  10  11  12  13  14   b  1  2  3  4  5  6  7  8  10  11  12  13  14
