36 0.000000000000001
 ci_near_final_52.out 
14 13
36
2
0.70710678118654746  a  1  2  3  4  5  6  7  8  9  10  11  12 13 52  b  1  2  3  4  5  6  7  8  9  10  11  12 14
0.70710678118654746  a  1  2  3  4  5  6  7  8  9  10  11  12 14 52  b  1  2  3  4  5  6  7  8  9  10  11  12 13
3
-0.40824829046386307  a  1  2  3  4  5  6  7  8  9  10  11  12 14 52  b  1  2  3  4  5  6  7  8  9  10  11  12 13
0.40824829046386307  a  1  2  3  4  5  6  7  8  9  10  11  12 13 52  b  1  2  3  4  5  6  7  8  9  10  11  12 14
0.81649658092772615  a  1  2  3  4  5  6  7  8  9  10  11  12 13 14  b  1  2  3  4  5  6  7  8  9  10  11  12 52
2
0.70710678118654746  a  1  2  3  4  5  6  7  8  9  10  11  13 12 52  b  1  2  3  4  5  6  7  8  9  10  11  13 14
0.70710678118654746  a  1  2  3  4  5  6  7  8  9  10  11  13 14 52  b  1  2  3  4  5  6  7  8  9  10  11  13 12
3
-0.40824829046386307  a  1  2  3  4  5  6  7  8  9  10  11  13 14 52  b  1  2  3  4  5  6  7  8  9  10  11  13 12
0.40824829046386307  a  1  2  3  4  5  6  7  8  9  10  11  13 12 52  b  1  2  3  4  5  6  7  8  9  10  11  13 14
0.81649658092772615  a  1  2  3  4  5  6  7  8  9  10  11  13 12 14  b  1  2  3  4  5  6  7  8  9  10  11  13 52
2
0.70710678118654746  a  1  2  3  4  5  6  7  8  9  10  11  14 12 52  b  1  2  3  4  5  6  7  8  9  10  11  14 13
0.70710678118654746  a  1  2  3  4  5  6  7  8  9  10  11  14 13 52  b  1  2  3  4  5  6  7  8  9  10  11  14 12
3
-0.40824829046386307  a  1  2  3  4  5  6  7  8  9  10  11  14 13 52  b  1  2  3  4  5  6  7  8  9  10  11  14 12
0.40824829046386307  a  1  2  3  4  5  6  7  8  9  10  11  14 12 52  b  1  2  3  4  5  6  7  8  9  10  11  14 13
0.81649658092772615  a  1  2  3  4  5  6  7  8  9  10  11  14 12 13  b  1  2  3  4  5  6  7  8  9  10  11  14 52
2
0.70710678118654746  a  1  2  3  4  5  6  7  8  9  10  12  13 11 52  b  1  2  3  4  5  6  7  8  9  10  12  13 14
0.70710678118654746  a  1  2  3  4  5  6  7  8  9  10  12  13 14 52  b  1  2  3  4  5  6  7  8  9  10  12  13 11
3
-0.40824829046386307  a  1  2  3  4  5  6  7  8  9  10  12  13 14 52  b  1  2  3  4  5  6  7  8  9  10  12  13 11
0.40824829046386307  a  1  2  3  4  5  6  7  8  9  10  12  13 11 52  b  1  2  3  4  5  6  7  8  9  10  12  13 14
0.81649658092772615  a  1  2  3  4  5  6  7  8  9  10  12  13 11 14  b  1  2  3  4  5  6  7  8  9  10  12  13 52
2
0.70710678118654746  a  1  2  3  4  5  6  7  8  9  10  12  14 11 52  b  1  2  3  4  5  6  7  8  9  10  12  14 13
0.70710678118654746  a  1  2  3  4  5  6  7  8  9  10  12  14 13 52  b  1  2  3  4  5  6  7  8  9  10  12  14 11
3
-0.40824829046386307  a  1  2  3  4  5  6  7  8  9  10  12  14 13 52  b  1  2  3  4  5  6  7  8  9  10  12  14 11
0.40824829046386307  a  1  2  3  4  5  6  7  8  9  10  12  14 11 52  b  1  2  3  4  5  6  7  8  9  10  12  14 13
0.81649658092772615  a  1  2  3  4  5  6  7  8  9  10  12  14 11 13  b  1  2  3  4  5  6  7  8  9  10  12  14 52
2
0.70710678118654746  a  1  2  3  4  5  6  7  8  9  10  13  14 11 52  b  1  2  3  4  5  6  7  8  9  10  13  14 12
0.70710678118654746  a  1  2  3  4  5  6  7  8  9  10  13  14 12 52  b  1  2  3  4  5  6  7  8  9  10  13  14 11
3
-0.40824829046386307  a  1  2  3  4  5  6  7  8  9  10  13  14 12 52  b  1  2  3  4  5  6  7  8  9  10  13  14 11
0.40824829046386307  a  1  2  3  4  5  6  7  8  9  10  13  14 11 52  b  1  2  3  4  5  6  7  8  9  10  13  14 12
0.81649658092772615  a  1  2  3  4  5  6  7  8  9  10  13  14 11 12  b  1  2  3  4  5  6  7  8  9  10  13  14 52
2
0.70710678118654746  a  1  2  3  4  5  6  7  8  9  11  12  13 10 52  b  1  2  3  4  5  6  7  8  9  11  12  13 14
0.70710678118654746  a  1  2  3  4  5  6  7  8  9  11  12  13 14 52  b  1  2  3  4  5  6  7  8  9  11  12  13 10
3
-0.40824829046386307  a  1  2  3  4  5  6  7  8  9  11  12  13 14 52  b  1  2  3  4  5  6  7  8  9  11  12  13 10
0.40824829046386307  a  1  2  3  4  5  6  7  8  9  11  12  13 10 52  b  1  2  3  4  5  6  7  8  9  11  12  13 14
0.81649658092772615  a  1  2  3  4  5  6  7  8  9  11  12  13 10 14  b  1  2  3  4  5  6  7  8  9  11  12  13 52
2
0.70710678118654746  a  1  2  3  4  5  6  7  8  9  11  12  14 10 52  b  1  2  3  4  5  6  7  8  9  11  12  14 13
0.70710678118654746  a  1  2  3  4  5  6  7  8  9  11  12  14 13 52  b  1  2  3  4  5  6  7  8  9  11  12  14 10
3
-0.40824829046386307  a  1  2  3  4  5  6  7  8  9  11  12  14 13 52  b  1  2  3  4  5  6  7  8  9  11  12  14 10
0.40824829046386307  a  1  2  3  4  5  6  7  8  9  11  12  14 10 52  b  1  2  3  4  5  6  7  8  9  11  12  14 13
0.81649658092772615  a  1  2  3  4  5  6  7  8  9  11  12  14 10 13  b  1  2  3  4  5  6  7  8  9  11  12  14 52
2
0.70710678118654746  a  1  2  3  4  5  6  7  8  9  11  13  14 10 52  b  1  2  3  4  5  6  7  8  9  11  13  14 12
0.70710678118654746  a  1  2  3  4  5  6  7  8  9  11  13  14 12 52  b  1  2  3  4  5  6  7  8  9  11  13  14 10
3
-0.40824829046386307  a  1  2  3  4  5  6  7  8  9  11  13  14 12 52  b  1  2  3  4  5  6  7  8  9  11  13  14 10
0.40824829046386307  a  1  2  3  4  5  6  7  8  9  11  13  14 10 52  b  1  2  3  4  5  6  7  8  9  11  13  14 12
0.81649658092772615  a  1  2  3  4  5  6  7  8  9  11  13  14 10 12  b  1  2  3  4  5  6  7  8  9  11  13  14 52
2
0.70710678118654746  a  1  2  3  4  5  6  7  8  9  12  13  14 10 52  b  1  2  3  4  5  6  7  8  9  12  13  14 11
0.70710678118654746  a  1  2  3  4  5  6  7  8  9  12  13  14 11 52  b  1  2  3  4  5  6  7  8  9  12  13  14 10
3
-0.40824829046386307  a  1  2  3  4  5  6  7  8  9  12  13  14 11 52  b  1  2  3  4  5  6  7  8  9  12  13  14 10
0.40824829046386307  a  1  2  3  4  5  6  7  8  9  12  13  14 10 52  b  1  2  3  4  5  6  7  8  9  12  13  14 11
0.81649658092772615  a  1  2  3  4  5  6  7  8  9  12  13  14 10 11  b  1  2  3  4  5  6  7  8  9  12  13  14 52
2
0.70710678118654746  a  1  2  3  4  5  6  7  8  10  11  12  13 9 52  b  1  2  3  4  5  6  7  8  10  11  12  13 14
0.70710678118654746  a  1  2  3  4  5  6  7  8  10  11  12  13 14 52  b  1  2  3  4  5  6  7  8  10  11  12  13 9
3
-0.40824829046386307  a  1  2  3  4  5  6  7  8  10  11  12  13 14 52  b  1  2  3  4  5  6  7  8  10  11  12  13 9
0.40824829046386307  a  1  2  3  4  5  6  7  8  10  11  12  13 9 52  b  1  2  3  4  5  6  7  8  10  11  12  13 14
0.81649658092772615  a  1  2  3  4  5  6  7  8  10  11  12  13 9 14  b  1  2  3  4  5  6  7  8  10  11  12  13 52
2
0.70710678118654746  a  1  2  3  4  5  6  7  8  10  11  12  14 9 52  b  1  2  3  4  5  6  7  8  10  11  12  14 13
0.70710678118654746  a  1  2  3  4  5  6  7  8  10  11  12  14 13 52  b  1  2  3  4  5  6  7  8  10  11  12  14 9
3
-0.40824829046386307  a  1  2  3  4  5  6  7  8  10  11  12  14 13 52  b  1  2  3  4  5  6  7  8  10  11  12  14 9
0.40824829046386307  a  1  2  3  4  5  6  7  8  10  11  12  14 9 52  b  1  2  3  4  5  6  7  8  10  11  12  14 13
0.81649658092772615  a  1  2  3  4  5  6  7  8  10  11  12  14 9 13  b  1  2  3  4  5  6  7  8  10  11  12  14 52
2
0.70710678118654746  a  1  2  3  4  5  6  7  8  10  11  13  14 9 52  b  1  2  3  4  5  6  7  8  10  11  13  14 12
0.70710678118654746  a  1  2  3  4  5  6  7  8  10  11  13  14 12 52  b  1  2  3  4  5  6  7  8  10  11  13  14 9
3
-0.40824829046386307  a  1  2  3  4  5  6  7  8  10  11  13  14 12 52  b  1  2  3  4  5  6  7  8  10  11  13  14 9
0.40824829046386307  a  1  2  3  4  5  6  7  8  10  11  13  14 9 52  b  1  2  3  4  5  6  7  8  10  11  13  14 12
0.81649658092772615  a  1  2  3  4  5  6  7  8  10  11  13  14 9 12  b  1  2  3  4  5  6  7  8  10  11  13  14 52
2
0.70710678118654746  a  1  2  3  4  5  6  7  8  10  12  13  14 9 52  b  1  2  3  4  5  6  7  8  10  12  13  14 11
0.70710678118654746  a  1  2  3  4  5  6  7  8  10  12  13  14 11 52  b  1  2  3  4  5  6  7  8  10  12  13  14 9
3
-0.40824829046386307  a  1  2  3  4  5  6  7  8  10  12  13  14 11 52  b  1  2  3  4  5  6  7  8  10  12  13  14 9
0.40824829046386307  a  1  2  3  4  5  6  7  8  10  12  13  14 9 52  b  1  2  3  4  5  6  7  8  10  12  13  14 11
0.81649658092772615  a  1  2  3  4  5  6  7  8  10  12  13  14 9 11  b  1  2  3  4  5  6  7  8  10  12  13  14 52
2
0.70710678118654746  a  1  2  3  4  5  6  7  8  11  12  13  14 9 52  b  1  2  3  4  5  6  7  8  11  12  13  14 10
0.70710678118654746  a  1  2  3  4  5  6  7  8  11  12  13  14 10 52  b  1  2  3  4  5  6  7  8  11  12  13  14 9
3
-0.40824829046386307  a  1  2  3  4  5  6  7  8  11  12  13  14 10 52  b  1  2  3  4  5  6  7  8  11  12  13  14 9
0.40824829046386307  a  1  2  3  4  5  6  7  8  11  12  13  14 9 52  b  1  2  3  4  5  6  7  8  11  12  13  14 10
0.81649658092772615  a  1  2  3  4  5  6  7  8  11  12  13  14 9 10  b  1  2  3  4  5  6  7  8  11  12  13  14 52
1
1.0  a  1  2  3  4  5  6  7  8  9  10  11  12  13 52  b  1  2  3  4  5  6  7  8  9  10  11  12  13
1
1.0  a  1  2  3  4  5  6  7  8  9  10  11  12  14 52  b  1  2  3  4  5  6  7  8  9  10  11  12  14
1
1.0  a  1  2  3  4  5  6  7  8  9  10  11  13  14 52  b  1  2  3  4  5  6  7  8  9  10  11  13  14
1
1.0  a  1  2  3  4  5  6  7  8  9  10  12  13  14 52  b  1  2  3  4  5  6  7  8  9  10  12  13  14
1
1.0  a  1  2  3  4  5  6  7  8  9  11  12  13  14 52  b  1  2  3  4  5  6  7  8  9  11  12  13  14
1
1.0  a  1  2  3  4  5  6  7  8  10  11  12  13  14 52  b  1  2  3  4  5  6  7  8  10  11  12  13  14
