15 0.000000000000001
 ci_near_ion_singlet.out 
14 12
15
1
1.0  a  1  2  3  4  5  6  7  8  9  10  11  12 13  14  b  1  2  3  4  5  6  7  8  9  10  11  12
1
1.0  a  1  2  3  4  5  6  7  8  9  10  11  13 12  14  b  1  2  3  4  5  6  7  8  9  10  11  13
1
1.0  a  1  2  3  4  5  6  7  8  9  10  11  14 12  13  b  1  2  3  4  5  6  7  8  9  10  11  14
1
1.0  a  1  2  3  4  5  6  7  8  9  10  12  13 11  14  b  1  2  3  4  5  6  7  8  9  10  12  13
1
1.0  a  1  2  3  4  5  6  7  8  9  10  12  14 11  13  b  1  2  3  4  5  6  7  8  9  10  12  14
1
1.0  a  1  2  3  4  5  6  7  8  9  10  13  14 11  12  b  1  2  3  4  5  6  7  8  9  10  13  14
1
1.0  a  1  2  3  4  5  6  7  8  9  11  12  13 10  14  b  1  2  3  4  5  6  7  8  9  11  12  13
1
1.0  a  1  2  3  4  5  6  7  8  9  11  12  14 10  13  b  1  2  3  4  5  6  7  8  9  11  12  14
1
1.0  a  1  2  3  4  5  6  7  8  9  11  13  14 10  12  b  1  2  3  4  5  6  7  8  9  11  13  14
1
1.0  a  1  2  3  4  5  6  7  8  9  12  13  14 10  11  b  1  2  3  4  5  6  7  8  9  12  13  14
1
1.0  a  1  2  3  4  5  6  7  8  10  11  12  13 9  14  b  1  2  3  4  5  6  7  8  10  11  12  13
1
1.0  a  1  2  3  4  5  6  7  8  10  11  12  14 9  13  b  1  2  3  4  5  6  7  8  10  11  12  14
1
1.0  a  1  2  3  4  5  6  7  8  10  11  13  14 9  12  b  1  2  3  4  5  6  7  8  10  11  13  14
1
1.0  a  1  2  3  4  5  6  7  8  10  12  13  14 9  11  b  1  2  3  4  5  6  7  8  10  12  13  14
1
1.0  a  1  2  3  4  5  6  7  8  11  12  13  14 9  10  b  1  2  3  4  5  6  7  8  11  12  13  14
