15 0.000000000000001
 ci_co_dicat_singlet 
6 6
15
2
0.70710678118654746  a  2  3  4  1  7 5  b  2  3  4  1  7 6
0.70710678118654746  a  2  3  4  1  7 6  b  2  3  4  1  7 5
2
0.70710678118654746  a  2  3  5  1  7 4  b  2  3  5  1  7 6
0.70710678118654746  a  2  3  5  1  7 6  b  2  3  5  1  7 4
2
0.70710678118654746  a  2  3  6  1  7 4  b  2  3  6  1  7 5
0.70710678118654746  a  2  3  6  1  7 5  b  2  3  6  1  7 4
2
0.70710678118654746  a  2  4  5  1  7 3  b  2  4  5  1  7 6
0.70710678118654746  a  2  4  5  1  7 6  b  2  4  5  1  7 3
2
0.70710678118654746  a  2  4  6  1  7 3  b  2  4  6  1  7 5
0.70710678118654746  a  2  4  6  1  7 5  b  2  4  6  1  7 3
2
0.70710678118654746  a  2  5  6  1  7 3  b  2  5  6  1  7 4
0.70710678118654746  a  2  5  6  1  7 4  b  2  5  6  1  7 3
2
0.70710678118654746  a  3  4  5  1  7 2  b  3  4  5  1  7 6
0.70710678118654746  a  3  4  5  1  7 6  b  3  4  5  1  7 2
2
0.70710678118654746  a  3  4  6  1  7 2  b  3  4  6  1  7 5
0.70710678118654746  a  3  4  6  1  7 5  b  3  4  6  1  7 2
2
0.70710678118654746  a  3  5  6  1  7 2  b  3  5  6  1  7 4
0.70710678118654746  a  3  5  6  1  7 4  b  3  5  6  1  7 2
2
0.70710678118654746  a  4  5  6  1  7 2  b  4  5  6  1  7 3
0.70710678118654746  a  4  5  6  1  7 3  b  4  5  6  1  7 2
1
1.0  a  2  3  4  5  1  7   b  2  3  4  5  1  7
1
1.0  a  2  3  4  6  1  7   b  2  3  4  6  1  7
1
1.0  a  2  3  5  6  1  7   b  2  3  5  6  1  7
1
1.0  a  2  4  5  6  1  7   b  2  4  5  6  1  7
1
1.0  a  3  4  5  6  1  7   b  3  4  5  6  1  7
