25 0.000000000000001
 ci_co_final_31 
7 6
25
2
0.70710678118654746  a  2  3  4  1  7 5 31  b  2  3  4  1  7 6
0.70710678118654746  a  2  3  4  1  7 6 31  b  2  3  4  1  7 5
3
-0.40824829046386307  a  2  3  4  1  7 6 31  b  2  3  4  1  7 5
0.40824829046386307  a  2  3  4  1  7 5 31  b  2  3  4  1  7 6
0.81649658092772615  a  2  3  4  1  7 5 6  b  2  3  4  1  7 31
2
0.70710678118654746  a  2  3  5  1  7 4 31  b  2  3  5  1  7 6
0.70710678118654746  a  2  3  5  1  7 6 31  b  2  3  5  1  7 4
3
-0.40824829046386307  a  2  3  5  1  7 6 31  b  2  3  5  1  7 4
0.40824829046386307  a  2  3  5  1  7 4 31  b  2  3  5  1  7 6
0.81649658092772615  a  2  3  5  1  7 4 6  b  2  3  5  1  7 31
2
0.70710678118654746  a  2  3  6  1  7 4 31  b  2  3  6  1  7 5
0.70710678118654746  a  2  3  6  1  7 5 31  b  2  3  6  1  7 4
3
-0.40824829046386307  a  2  3  6  1  7 5 31  b  2  3  6  1  7 4
0.40824829046386307  a  2  3  6  1  7 4 31  b  2  3  6  1  7 5
0.81649658092772615  a  2  3  6  1  7 4 5  b  2  3  6  1  7 31
2
0.70710678118654746  a  2  4  5  1  7 3 31  b  2  4  5  1  7 6
0.70710678118654746  a  2  4  5  1  7 6 31  b  2  4  5  1  7 3
3
-0.40824829046386307  a  2  4  5  1  7 6 31  b  2  4  5  1  7 3
0.40824829046386307  a  2  4  5  1  7 3 31  b  2  4  5  1  7 6
0.81649658092772615  a  2  4  5  1  7 3 6  b  2  4  5  1  7 31
2
0.70710678118654746  a  2  4  6  1  7 3 31  b  2  4  6  1  7 5
0.70710678118654746  a  2  4  6  1  7 5 31  b  2  4  6  1  7 3
3
-0.40824829046386307  a  2  4  6  1  7 5 31  b  2  4  6  1  7 3
0.40824829046386307  a  2  4  6  1  7 3 31  b  2  4  6  1  7 5
0.81649658092772615  a  2  4  6  1  7 3 5  b  2  4  6  1  7 31
2
0.70710678118654746  a  2  5  6  1  7 3 31  b  2  5  6  1  7 4
0.70710678118654746  a  2  5  6  1  7 4 31  b  2  5  6  1  7 3
3
-0.40824829046386307  a  2  5  6  1  7 4 31  b  2  5  6  1  7 3
0.40824829046386307  a  2  5  6  1  7 3 31  b  2  5  6  1  7 4
0.81649658092772615  a  2  5  6  1  7 3 4  b  2  5  6  1  7 31
2
0.70710678118654746  a  3  4  5  1  7 2 31  b  3  4  5  1  7 6
0.70710678118654746  a  3  4  5  1  7 6 31  b  3  4  5  1  7 2
3
-0.40824829046386307  a  3  4  5  1  7 6 31  b  3  4  5  1  7 2
0.40824829046386307  a  3  4  5  1  7 2 31  b  3  4  5  1  7 6
0.81649658092772615  a  3  4  5  1  7 2 6  b  3  4  5  1  7 31
2
0.70710678118654746  a  3  4  6  1  7 2 31  b  3  4  6  1  7 5
0.70710678118654746  a  3  4  6  1  7 5 31  b  3  4  6  1  7 2
3
-0.40824829046386307  a  3  4  6  1  7 5 31  b  3  4  6  1  7 2
0.40824829046386307  a  3  4  6  1  7 2 31  b  3  4  6  1  7 5
0.81649658092772615  a  3  4  6  1  7 2 5  b  3  4  6  1  7 31
2
0.70710678118654746  a  3  5  6  1  7 2 31  b  3  5  6  1  7 4
0.70710678118654746  a  3  5  6  1  7 4 31  b  3  5  6  1  7 2
3
-0.40824829046386307  a  3  5  6  1  7 4 31  b  3  5  6  1  7 2
0.40824829046386307  a  3  5  6  1  7 2 31  b  3  5  6  1  7 4
0.81649658092772615  a  3  5  6  1  7 2 4  b  3  5  6  1  7 31
2
0.70710678118654746  a  4  5  6  1  7 2 31  b  4  5  6  1  7 3
0.70710678118654746  a  4  5  6  1  7 3 31  b  4  5  6  1  7 2
3
-0.40824829046386307  a  4  5  6  1  7 3 31  b  4  5  6  1  7 2
0.40824829046386307  a  4  5  6  1  7 2 31  b  4  5  6  1  7 3
0.81649658092772615  a  4  5  6  1  7 2 3  b  4  5  6  1  7 31
1
1.0  a  2  3  4  5  1  7 31  b  2  3  4  5  1  7
1
1.0  a  2  3  4  6  1  7 31  b  2  3  4  6  1  7
1
1.0  a  2  3  5  6  1  7 31  b  2  3  5  6  1  7
1
1.0  a  2  4  5  6  1  7 31  b  2  4  5  6  1  7
1
1.0  a  3  4  5  6  1  7 31  b  3  4  5  6  1  7
