10 0.000000000000001
 ci_co_dicat_triplet 
7 5
10
1
1.0  a  2  3  4  1  7 5  6  b  2  3  4  1  7
1
1.0  a  2  3  5  1  7 4  6  b  2  3  5  1  7
1
1.0  a  2  3  6  1  7 4  5  b  2  3  6  1  7
1
1.0  a  2  4  5  1  7 3  6  b  2  4  5  1  7
1
1.0  a  2  4  6  1  7 3  5  b  2  4  6  1  7
1
1.0  a  2  5  6  1  7 3  4  b  2  5  6  1  7
1
1.0  a  3  4  5  1  7 2  6  b  3  4  5  1  7
1
1.0  a  3  4  6  1  7 2  5  b  3  4  6  1  7
1
1.0  a  3  5  6  1  7 2  4  b  3  5  6  1  7
1
1.0  a  4  5  6  1  7 2  3  b  4  5  6  1  7
