16 0.000000000000001
 ci_ch4_final_137.out 
4 4
16
4
0.5  a  1  2 5 4  b  1  2 3 137
0.5  a  1  2 5 137  b  1  2 3 4
0.5  a  1  2 3 4  b  1  2 5 137
0.5  a  1  2 3 137  b  1  2 5 4
6
0.57735026918962584  a  1  2 5 3  b  1  2 4 137
0.57735026918962584  a  1  2 4 137  b  1  2 5 3
0.28867513459481292  a  1  2 5 4  b  1  2 3 137
0.28867513459481292  a  1  2 3 137  b  1  2 5 4
-0.28867513459481292  a  1  2 5 137  b  1  2 3 4
-0.28867513459481292  a  1  2 3 4  b  1  2 5 137
4
0.5  a  1  3 5 4  b  1  3 2 137
0.5  a  1  3 5 137  b  1  3 2 4
0.5  a  1  3 2 4  b  1  3 5 137
0.5  a  1  3 2 137  b  1  3 5 4
6
0.57735026918962584  a  1  3 5 2  b  1  3 4 137
0.57735026918962584  a  1  3 4 137  b  1  3 5 2
0.28867513459481292  a  1  3 5 4  b  1  3 2 137
0.28867513459481292  a  1  3 2 137  b  1  3 5 4
-0.28867513459481292  a  1  3 5 137  b  1  3 2 4
-0.28867513459481292  a  1  3 2 4  b  1  3 5 137
4
0.5  a  1  4 5 3  b  1  4 2 137
0.5  a  1  4 5 137  b  1  4 2 3
0.5  a  1  4 2 3  b  1  4 5 137
0.5  a  1  4 2 137  b  1  4 5 3
6
0.57735026918962584  a  1  4 5 2  b  1  4 3 137
0.57735026918962584  a  1  4 3 137  b  1  4 5 2
0.28867513459481292  a  1  4 5 3  b  1  4 2 137
0.28867513459481292  a  1  4 2 137  b  1  4 5 3
-0.28867513459481292  a  1  4 5 137  b  1  4 2 3
-0.28867513459481292  a  1  4 2 3  b  1  4 5 137
4
0.5  a  2  3 5 4  b  2  3 1 137
0.5  a  2  3 5 137  b  2  3 1 4
0.5  a  2  3 1 4  b  2  3 5 137
0.5  a  2  3 1 137  b  2  3 5 4
6
0.57735026918962584  a  2  3 5 1  b  2  3 4 137
0.57735026918962584  a  2  3 4 137  b  2  3 5 1
0.28867513459481292  a  2  3 5 4  b  2  3 1 137
0.28867513459481292  a  2  3 1 137  b  2  3 5 4
-0.28867513459481292  a  2  3 5 137  b  2  3 1 4
-0.28867513459481292  a  2  3 1 4  b  2  3 5 137
4
0.5  a  2  4 5 3  b  2  4 1 137
0.5  a  2  4 5 137  b  2  4 1 3
0.5  a  2  4 1 3  b  2  4 5 137
0.5  a  2  4 1 137  b  2  4 5 3
6
0.57735026918962584  a  2  4 5 1  b  2  4 3 137
0.57735026918962584  a  2  4 3 137  b  2  4 5 1
0.28867513459481292  a  2  4 5 3  b  2  4 1 137
0.28867513459481292  a  2  4 1 137  b  2  4 5 3
-0.28867513459481292  a  2  4 5 137  b  2  4 1 3
-0.28867513459481292  a  2  4 1 3  b  2  4 5 137
4
0.5  a  3  4 5 2  b  3  4 1 137
0.5  a  3  4 5 137  b  3  4 1 2
0.5  a  3  4 1 2  b  3  4 5 137
0.5  a  3  4 1 137  b  3  4 5 2
6
0.57735026918962584  a  3  4 5 1  b  3  4 2 137
0.57735026918962584  a  3  4 2 137  b  3  4 5 1
0.28867513459481292  a  3  4 5 2  b  3  4 1 137
0.28867513459481292  a  3  4 1 137  b  3  4 5 2
-0.28867513459481292  a  3  4 5 137  b  3  4 1 2
-0.28867513459481292  a  3  4 1 2  b  3  4 5 137
2
0.70710678118654746  a  1  2  3 5  b  1  2  3 137
0.70710678118654746  a  1  2  3 137  b  1  2  3 5
2
0.70710678118654746  a  1  2  4 5  b  1  2  4 137
0.70710678118654746  a  1  2  4 137  b  1  2  4 5
2
0.70710678118654746  a  1  3  4 5  b  1  3  4 137
0.70710678118654746  a  1  3  4 137  b  1  3  4 5
2
0.70710678118654746  a  2  3  4 5  b  2  3  4 137
0.70710678118654746  a  2  3  4 137  b  2  3  4 5
