27 0.000000000000001
 ci_nehene_ion_singlet 
10 10
27
2
0.70710678118654746  a  1  2  3  4  5  6  7  8  9 10  b  1  2  3  4  5  6  7  8  9 11
0.70710678118654746  a  1  2  3  4  5  6  7  8  9 11  b  1  2  3  4  5  6  7  8  9 10
2
0.70710678118654746  a  1  2  3  4  5  6  7  8  10 9  b  1  2  3  4  5  6  7  8  10 11
0.70710678118654746  a  1  2  3  4  5  6  7  8  10 11  b  1  2  3  4  5  6  7  8  10 9
2
0.70710678118654746  a  1  2  3  4  5  6  7  8  11 9  b  1  2  3  4  5  6  7  8  11 10
0.70710678118654746  a  1  2  3  4  5  6  7  8  11 10  b  1  2  3  4  5  6  7  8  11 9
2
0.70710678118654746  a  1  2  3  4  5  6  7  9  10 8  b  1  2  3  4  5  6  7  9  10 11
0.70710678118654746  a  1  2  3  4  5  6  7  9  10 11  b  1  2  3  4  5  6  7  9  10 8
2
0.70710678118654746  a  1  2  3  4  5  6  7  9  11 8  b  1  2  3  4  5  6  7  9  11 10
0.70710678118654746  a  1  2  3  4  5  6  7  9  11 10  b  1  2  3  4  5  6  7  9  11 8
2
0.70710678118654746  a  1  2  3  4  5  6  7  10  11 8  b  1  2  3  4  5  6  7  10  11 9
0.70710678118654746  a  1  2  3  4  5  6  7  10  11 9  b  1  2  3  4  5  6  7  10  11 8
2
0.70710678118654746  a  1  2  3  4  5  6  8  9  10 7  b  1  2  3  4  5  6  8  9  10 11
0.70710678118654746  a  1  2  3  4  5  6  8  9  10 11  b  1  2  3  4  5  6  8  9  10 7
2
0.70710678118654746  a  1  2  3  4  5  6  8  9  11 7  b  1  2  3  4  5  6  8  9  11 10
0.70710678118654746  a  1  2  3  4  5  6  8  9  11 10  b  1  2  3  4  5  6  8  9  11 7
2
0.70710678118654746  a  1  2  3  4  5  6  8  10  11 7  b  1  2  3  4  5  6  8  10  11 9
0.70710678118654746  a  1  2  3  4  5  6  8  10  11 9  b  1  2  3  4  5  6  8  10  11 7
2
0.70710678118654746  a  1  2  3  4  5  6  9  10  11 7  b  1  2  3  4  5  6  9  10  11 8
0.70710678118654746  a  1  2  3  4  5  6  9  10  11 8  b  1  2  3  4  5  6  9  10  11 7
2
0.70710678118654746  a  1  2  3  4  5  7  8  9  10 6  b  1  2  3  4  5  7  8  9  10 11
0.70710678118654746  a  1  2  3  4  5  7  8  9  10 11  b  1  2  3  4  5  7  8  9  10 6
2
0.70710678118654746  a  1  2  3  4  5  7  8  9  11 6  b  1  2  3  4  5  7  8  9  11 10
0.70710678118654746  a  1  2  3  4  5  7  8  9  11 10  b  1  2  3  4  5  7  8  9  11 6
2
0.70710678118654746  a  1  2  3  4  5  7  8  10  11 6  b  1  2  3  4  5  7  8  10  11 9
0.70710678118654746  a  1  2  3  4  5  7  8  10  11 9  b  1  2  3  4  5  7  8  10  11 6
2
0.70710678118654746  a  1  2  3  4  5  7  9  10  11 6  b  1  2  3  4  5  7  9  10  11 8
0.70710678118654746  a  1  2  3  4  5  7  9  10  11 8  b  1  2  3  4  5  7  9  10  11 6
2
0.70710678118654746  a  1  2  3  4  5  8  9  10  11 6  b  1  2  3  4  5  8  9  10  11 7
0.70710678118654746  a  1  2  3  4  5  8  9  10  11 7  b  1  2  3  4  5  8  9  10  11 6
1
1.0  a  1  2  3  4  5  6  7  8  9  10   b  1  2  3  4  5  6  7  8  9  10
1
1.0  a  1  2  3  4  5  6  7  8  9  11   b  1  2  3  4  5  6  7  8  9  11
1
1.0  a  1  2  3  4  5  6  7  8  10  11   b  1  2  3  4  5  6  7  8  10  11
1
1.0  a  1  2  3  4  5  6  7  9  10  11   b  1  2  3  4  5  6  7  9  10  11
1
1.0  a  1  2  3  4  5  6  8  9  10  11   b  1  2  3  4  5  6  8  9  10  11
1
1.0  a  1  2  3  4  5  7  8  9  10  11   b  1  2  3  4  5  7  8  9  10  11
2
0.70710678118654746  a  1  2  3  4  6  7  8  9  10 5  b  1  2  3  4  6  7  8  9  10 11
0.70710678118654746  a  1  2  3  4  6  7  8  9  10 11  b  1  2  3  4  6  7  8  9  10 5
2
0.70710678118654746  a  1  2  3  4  6  7  8  9  11 5  b  1  2  3  4  6  7  8  9  11 10
0.70710678118654746  a  1  2  3  4  6  7  8  9  11 10  b  1  2  3  4  6  7  8  9  11 5
2
0.70710678118654746  a  1  2  3  4  6  7  8  10  11 5  b  1  2  3  4  6  7  8  10  11 9
0.70710678118654746  a  1  2  3  4  6  7  8  10  11 9  b  1  2  3  4  6  7  8  10  11 5
2
0.70710678118654746  a  1  2  3  4  6  7  9  10  11 5  b  1  2  3  4  6  7  9  10  11 8
0.70710678118654746  a  1  2  3  4  6  7  9  10  11 8  b  1  2  3  4  6  7  9  10  11 5
2
0.70710678118654746  a  1  2  3  4  6  8  9  10  11 5  b  1  2  3  4  6  8  9  10  11 7
0.70710678118654746  a  1  2  3  4  6  8  9  10  11 7  b  1  2  3  4  6  8  9  10  11 5
2
0.70710678118654746  a  1  2  3  4  7  8  9  10  11 5  b  1  2  3  4  7  8  9  10  11 6
0.70710678118654746  a  1  2  3  4  7  8  9  10  11 6  b  1  2  3  4  7  8  9  10  11 5
