48 0.000000000000001
 ci_nehene_final_29 
11 10
48
2
0.70710678118654746  a  1  2  3  4  5  6  7  8  9 10 29  b  1  2  3  4  5  6  7  8  9 11
0.70710678118654746  a  1  2  3  4  5  6  7  8  9 11 29  b  1  2  3  4  5  6  7  8  9 10
3
-0.40824829046386307  a  1  2  3  4  5  6  7  8  9 11 29  b  1  2  3  4  5  6  7  8  9 10
0.40824829046386307  a  1  2  3  4  5  6  7  8  9 10 29  b  1  2  3  4  5  6  7  8  9 11
0.81649658092772615  a  1  2  3  4  5  6  7  8  9 10 11  b  1  2  3  4  5  6  7  8  9 29
2
0.70710678118654746  a  1  2  3  4  5  6  7  8  10 9 29  b  1  2  3  4  5  6  7  8  10 11
0.70710678118654746  a  1  2  3  4  5  6  7  8  10 11 29  b  1  2  3  4  5  6  7  8  10 9
3
-0.40824829046386307  a  1  2  3  4  5  6  7  8  10 11 29  b  1  2  3  4  5  6  7  8  10 9
0.40824829046386307  a  1  2  3  4  5  6  7  8  10 9 29  b  1  2  3  4  5  6  7  8  10 11
0.81649658092772615  a  1  2  3  4  5  6  7  8  10 9 11  b  1  2  3  4  5  6  7  8  10 29
2
0.70710678118654746  a  1  2  3  4  5  6  7  8  11 9 29  b  1  2  3  4  5  6  7  8  11 10
0.70710678118654746  a  1  2  3  4  5  6  7  8  11 10 29  b  1  2  3  4  5  6  7  8  11 9
3
-0.40824829046386307  a  1  2  3  4  5  6  7  8  11 10 29  b  1  2  3  4  5  6  7  8  11 9
0.40824829046386307  a  1  2  3  4  5  6  7  8  11 9 29  b  1  2  3  4  5  6  7  8  11 10
0.81649658092772615  a  1  2  3  4  5  6  7  8  11 9 10  b  1  2  3  4  5  6  7  8  11 29
2
0.70710678118654746  a  1  2  3  4  5  6  7  9  10 8 29  b  1  2  3  4  5  6  7  9  10 11
0.70710678118654746  a  1  2  3  4  5  6  7  9  10 11 29  b  1  2  3  4  5  6  7  9  10 8
3
-0.40824829046386307  a  1  2  3  4  5  6  7  9  10 11 29  b  1  2  3  4  5  6  7  9  10 8
0.40824829046386307  a  1  2  3  4  5  6  7  9  10 8 29  b  1  2  3  4  5  6  7  9  10 11
0.81649658092772615  a  1  2  3  4  5  6  7  9  10 8 11  b  1  2  3  4  5  6  7  9  10 29
2
0.70710678118654746  a  1  2  3  4  5  6  7  9  11 8 29  b  1  2  3  4  5  6  7  9  11 10
0.70710678118654746  a  1  2  3  4  5  6  7  9  11 10 29  b  1  2  3  4  5  6  7  9  11 8
3
-0.40824829046386307  a  1  2  3  4  5  6  7  9  11 10 29  b  1  2  3  4  5  6  7  9  11 8
0.40824829046386307  a  1  2  3  4  5  6  7  9  11 8 29  b  1  2  3  4  5  6  7  9  11 10
0.81649658092772615  a  1  2  3  4  5  6  7  9  11 8 10  b  1  2  3  4  5  6  7  9  11 29
2
0.70710678118654746  a  1  2  3  4  5  6  7  10  11 8 29  b  1  2  3  4  5  6  7  10  11 9
0.70710678118654746  a  1  2  3  4  5  6  7  10  11 9 29  b  1  2  3  4  5  6  7  10  11 8
3
-0.40824829046386307  a  1  2  3  4  5  6  7  10  11 9 29  b  1  2  3  4  5  6  7  10  11 8
0.40824829046386307  a  1  2  3  4  5  6  7  10  11 8 29  b  1  2  3  4  5  6  7  10  11 9
0.81649658092772615  a  1  2  3  4  5  6  7  10  11 8 9  b  1  2  3  4  5  6  7  10  11 29
2
0.70710678118654746  a  1  2  3  4  5  6  8  9  10 7 29  b  1  2  3  4  5  6  8  9  10 11
0.70710678118654746  a  1  2  3  4  5  6  8  9  10 11 29  b  1  2  3  4  5  6  8  9  10 7
3
-0.40824829046386307  a  1  2  3  4  5  6  8  9  10 11 29  b  1  2  3  4  5  6  8  9  10 7
0.40824829046386307  a  1  2  3  4  5  6  8  9  10 7 29  b  1  2  3  4  5  6  8  9  10 11
0.81649658092772615  a  1  2  3  4  5  6  8  9  10 7 11  b  1  2  3  4  5  6  8  9  10 29
2
0.70710678118654746  a  1  2  3  4  5  6  8  9  11 7 29  b  1  2  3  4  5  6  8  9  11 10
0.70710678118654746  a  1  2  3  4  5  6  8  9  11 10 29  b  1  2  3  4  5  6  8  9  11 7
3
-0.40824829046386307  a  1  2  3  4  5  6  8  9  11 10 29  b  1  2  3  4  5  6  8  9  11 7
0.40824829046386307  a  1  2  3  4  5  6  8  9  11 7 29  b  1  2  3  4  5  6  8  9  11 10
0.81649658092772615  a  1  2  3  4  5  6  8  9  11 7 10  b  1  2  3  4  5  6  8  9  11 29
2
0.70710678118654746  a  1  2  3  4  5  6  8  10  11 7 29  b  1  2  3  4  5  6  8  10  11 9
0.70710678118654746  a  1  2  3  4  5  6  8  10  11 9 29  b  1  2  3  4  5  6  8  10  11 7
3
-0.40824829046386307  a  1  2  3  4  5  6  8  10  11 9 29  b  1  2  3  4  5  6  8  10  11 7
0.40824829046386307  a  1  2  3  4  5  6  8  10  11 7 29  b  1  2  3  4  5  6  8  10  11 9
0.81649658092772615  a  1  2  3  4  5  6  8  10  11 7 9  b  1  2  3  4  5  6  8  10  11 29
2
0.70710678118654746  a  1  2  3  4  5  6  9  10  11 7 29  b  1  2  3  4  5  6  9  10  11 8
0.70710678118654746  a  1  2  3  4  5  6  9  10  11 8 29  b  1  2  3  4  5  6  9  10  11 7
3
-0.40824829046386307  a  1  2  3  4  5  6  9  10  11 8 29  b  1  2  3  4  5  6  9  10  11 7
0.40824829046386307  a  1  2  3  4  5  6  9  10  11 7 29  b  1  2  3  4  5  6  9  10  11 8
0.81649658092772615  a  1  2  3  4  5  6  9  10  11 7 8  b  1  2  3  4  5  6  9  10  11 29
2
0.70710678118654746  a  1  2  3  4  5  7  8  9  10 6 29  b  1  2  3  4  5  7  8  9  10 11
0.70710678118654746  a  1  2  3  4  5  7  8  9  10 11 29  b  1  2  3  4  5  7  8  9  10 6
3
-0.40824829046386307  a  1  2  3  4  5  7  8  9  10 11 29  b  1  2  3  4  5  7  8  9  10 6
0.40824829046386307  a  1  2  3  4  5  7  8  9  10 6 29  b  1  2  3  4  5  7  8  9  10 11
0.81649658092772615  a  1  2  3  4  5  7  8  9  10 6 11  b  1  2  3  4  5  7  8  9  10 29
2
0.70710678118654746  a  1  2  3  4  5  7  8  9  11 6 29  b  1  2  3  4  5  7  8  9  11 10
0.70710678118654746  a  1  2  3  4  5  7  8  9  11 10 29  b  1  2  3  4  5  7  8  9  11 6
3
-0.40824829046386307  a  1  2  3  4  5  7  8  9  11 10 29  b  1  2  3  4  5  7  8  9  11 6
0.40824829046386307  a  1  2  3  4  5  7  8  9  11 6 29  b  1  2  3  4  5  7  8  9  11 10
0.81649658092772615  a  1  2  3  4  5  7  8  9  11 6 10  b  1  2  3  4  5  7  8  9  11 29
2
0.70710678118654746  a  1  2  3  4  5  7  8  10  11 6 29  b  1  2  3  4  5  7  8  10  11 9
0.70710678118654746  a  1  2  3  4  5  7  8  10  11 9 29  b  1  2  3  4  5  7  8  10  11 6
3
-0.40824829046386307  a  1  2  3  4  5  7  8  10  11 9 29  b  1  2  3  4  5  7  8  10  11 6
0.40824829046386307  a  1  2  3  4  5  7  8  10  11 6 29  b  1  2  3  4  5  7  8  10  11 9
0.81649658092772615  a  1  2  3  4  5  7  8  10  11 6 9  b  1  2  3  4  5  7  8  10  11 29
2
0.70710678118654746  a  1  2  3  4  5  7  9  10  11 6 29  b  1  2  3  4  5  7  9  10  11 8
0.70710678118654746  a  1  2  3  4  5  7  9  10  11 8 29  b  1  2  3  4  5  7  9  10  11 6
3
-0.40824829046386307  a  1  2  3  4  5  7  9  10  11 8 29  b  1  2  3  4  5  7  9  10  11 6
0.40824829046386307  a  1  2  3  4  5  7  9  10  11 6 29  b  1  2  3  4  5  7  9  10  11 8
0.81649658092772615  a  1  2  3  4  5  7  9  10  11 6 8  b  1  2  3  4  5  7  9  10  11 29
2
0.70710678118654746  a  1  2  3  4  5  8  9  10  11 6 29  b  1  2  3  4  5  8  9  10  11 7
0.70710678118654746  a  1  2  3  4  5  8  9  10  11 7 29  b  1  2  3  4  5  8  9  10  11 6
3
-0.40824829046386307  a  1  2  3  4  5  8  9  10  11 7 29  b  1  2  3  4  5  8  9  10  11 6
0.40824829046386307  a  1  2  3  4  5  8  9  10  11 6 29  b  1  2  3  4  5  8  9  10  11 7
0.81649658092772615  a  1  2  3  4  5  8  9  10  11 6 7  b  1  2  3  4  5  8  9  10  11 29
1
1.0  a  1  2  3  4  5  6  7  8  9  10 29  b  1  2  3  4  5  6  7  8  9  10
1
1.0  a  1  2  3  4  5  6  7  8  9  11 29  b  1  2  3  4  5  6  7  8  9  11
1
1.0  a  1  2  3  4  5  6  7  8  10  11 29  b  1  2  3  4  5  6  7  8  10  11
1
1.0  a  1  2  3  4  5  6  7  9  10  11 29  b  1  2  3  4  5  6  7  9  10  11
1
1.0  a  1  2  3  4  5  6  8  9  10  11 29  b  1  2  3  4  5  6  8  9  10  11
1
1.0  a  1  2  3  4  5  7  8  9  10  11 29  b  1  2  3  4  5  7  8  9  10  11
2
0.70710678118654746  a  1  2  3  4  6  7  8  9  10 5 29  b  1  2  3  4  6  7  8  9  10 11
0.70710678118654746  a  1  2  3  4  6  7  8  9  10 11 29  b  1  2  3  4  6  7  8  9  10 5
3
-0.40824829046386307  a  1  2  3  4  6  7  8  9  10 11 29  b  1  2  3  4  6  7  8  9  10 5
0.40824829046386307  a  1  2  3  4  6  7  8  9  10 5 29  b  1  2  3  4  6  7  8  9  10 11
0.81649658092772615  a  1  2  3  4  6  7  8  9  10 5 11  b  1  2  3  4  6  7  8  9  10 29
2
0.70710678118654746  a  1  2  3  4  6  7  8  9  11 5 29  b  1  2  3  4  6  7  8  9  11 10
0.70710678118654746  a  1  2  3  4  6  7  8  9  11 10 29  b  1  2  3  4  6  7  8  9  11 5
3
-0.40824829046386307  a  1  2  3  4  6  7  8  9  11 10 29  b  1  2  3  4  6  7  8  9  11 5
0.40824829046386307  a  1  2  3  4  6  7  8  9  11 5 29  b  1  2  3  4  6  7  8  9  11 10
0.81649658092772615  a  1  2  3  4  6  7  8  9  11 5 10  b  1  2  3  4  6  7  8  9  11 29
2
0.70710678118654746  a  1  2  3  4  6  7  8  10  11 5 29  b  1  2  3  4  6  7  8  10  11 9
0.70710678118654746  a  1  2  3  4  6  7  8  10  11 9 29  b  1  2  3  4  6  7  8  10  11 5
3
-0.40824829046386307  a  1  2  3  4  6  7  8  10  11 9 29  b  1  2  3  4  6  7  8  10  11 5
0.40824829046386307  a  1  2  3  4  6  7  8  10  11 5 29  b  1  2  3  4  6  7  8  10  11 9
0.81649658092772615  a  1  2  3  4  6  7  8  10  11 5 9  b  1  2  3  4  6  7  8  10  11 29
2
0.70710678118654746  a  1  2  3  4  6  7  9  10  11 5 29  b  1  2  3  4  6  7  9  10  11 8
0.70710678118654746  a  1  2  3  4  6  7  9  10  11 8 29  b  1  2  3  4  6  7  9  10  11 5
3
-0.40824829046386307  a  1  2  3  4  6  7  9  10  11 8 29  b  1  2  3  4  6  7  9  10  11 5
0.40824829046386307  a  1  2  3  4  6  7  9  10  11 5 29  b  1  2  3  4  6  7  9  10  11 8
0.81649658092772615  a  1  2  3  4  6  7  9  10  11 5 8  b  1  2  3  4  6  7  9  10  11 29
2
0.70710678118654746  a  1  2  3  4  6  8  9  10  11 5 29  b  1  2  3  4  6  8  9  10  11 7
0.70710678118654746  a  1  2  3  4  6  8  9  10  11 7 29  b  1  2  3  4  6  8  9  10  11 5
3
-0.40824829046386307  a  1  2  3  4  6  8  9  10  11 7 29  b  1  2  3  4  6  8  9  10  11 5
0.40824829046386307  a  1  2  3  4  6  8  9  10  11 5 29  b  1  2  3  4  6  8  9  10  11 7
0.81649658092772615  a  1  2  3  4  6  8  9  10  11 5 7  b  1  2  3  4  6  8  9  10  11 29
2
0.70710678118654746  a  1  2  3  4  7  8  9  10  11 5 29  b  1  2  3  4  7  8  9  10  11 6
0.70710678118654746  a  1  2  3  4  7  8  9  10  11 6 29  b  1  2  3  4  7  8  9  10  11 5
3
-0.40824829046386307  a  1  2  3  4  7  8  9  10  11 6 29  b  1  2  3  4  7  8  9  10  11 5
0.40824829046386307  a  1  2  3  4  7  8  9  10  11 5 29  b  1  2  3  4  7  8  9  10  11 6
0.81649658092772615  a  1  2  3  4  7  8  9  10  11 5 6  b  1  2  3  4  7  8  9  10  11 29
