21 0.000000000000001
 ci_nehene_ion_triplet 
11 9
21
1
1.0  a  1  2  3  4  5  6  7  8  9 10  11  b  1  2  3  4  5  6  7  8  9
1
1.0  a  1  2  3  4  5  6  7  8  10 9  11  b  1  2  3  4  5  6  7  8  10
1
1.0  a  1  2  3  4  5  6  7  8  11 9  10  b  1  2  3  4  5  6  7  8  11
1
1.0  a  1  2  3  4  5  6  7  9  10 8  11  b  1  2  3  4  5  6  7  9  10
1
1.0  a  1  2  3  4  5  6  7  9  11 8  10  b  1  2  3  4  5  6  7  9  11
1
1.0  a  1  2  3  4  5  6  7  10  11 8  9  b  1  2  3  4  5  6  7  10  11
1
1.0  a  1  2  3  4  5  6  8  9  10 7  11  b  1  2  3  4  5  6  8  9  10
1
1.0  a  1  2  3  4  5  6  8  9  11 7  10  b  1  2  3  4  5  6  8  9  11
1
1.0  a  1  2  3  4  5  6  8  10  11 7  9  b  1  2  3  4  5  6  8  10  11
1
1.0  a  1  2  3  4  5  6  9  10  11 7  8  b  1  2  3  4  5  6  9  10  11
1
1.0  a  1  2  3  4  5  7  8  9  10 6  11  b  1  2  3  4  5  7  8  9  10
1
1.0  a  1  2  3  4  5  7  8  9  11 6  10  b  1  2  3  4  5  7  8  9  11
1
1.0  a  1  2  3  4  5  7  8  10  11 6  9  b  1  2  3  4  5  7  8  10  11
1
1.0  a  1  2  3  4  5  7  9  10  11 6  8  b  1  2  3  4  5  7  9  10  11
1
1.0  a  1  2  3  4  5  8  9  10  11 6  7  b  1  2  3  4  5  8  9  10  11
1
1.0  a  1  2  3  4  6  7  8  9  10 5  11  b  1  2  3  4  6  7  8  9  10
1
1.0  a  1  2  3  4  6  7  8  9  11 5  10  b  1  2  3  4  6  7  8  9  11
1
1.0  a  1  2  3  4  6  7  8  10  11 5  9  b  1  2  3  4  6  7  8  10  11
1
1.0  a  1  2  3  4  6  7  9  10  11 5  8  b  1  2  3  4  6  7  9  10  11
1
1.0  a  1  2  3  4  6  8  9  10  11 5  7  b  1  2  3  4  6  8  9  10  11
1
1.0  a  1  2  3  4  7  8  9  10  11 5  6  b  1  2  3  4  7  8  9  10  11
