68 0.000000000000001
 ci_oh3_ion.out 
5 4
68
1
1.0  a  5  1  2  3 4  b  5  1  2  3
1
1.0  a  5  1  2  4 3  b  5  1  2  4
1
1.0  a  5  1  3  4 2  b  5  1  3  4
1
1.0  a  5  2  3  4 1  b  5  2  3  4
2
0.70710678118654746  a  5  1  2 3 6  b  5  1  2 4
0.70710678118654746  a  5  1  2 4 6  b  5  1  2 3
3
-0.40824829046386307  a  5  1  2 4 6  b  5  1  2 3
0.40824829046386307  a  5  1  2 3 6  b  5  1  2 4
0.81649658092772615  a  5  1  2 3 4  b  5  1  2 6
2
0.70710678118654746  a  5  1  2 3 7  b  5  1  2 4
0.70710678118654746  a  5  1  2 4 7  b  5  1  2 3
3
-0.40824829046386307  a  5  1  2 4 7  b  5  1  2 3
0.40824829046386307  a  5  1  2 3 7  b  5  1  2 4
0.81649658092772615  a  5  1  2 3 4  b  5  1  2 7
2
0.70710678118654746  a  5  1  2 3 8  b  5  1  2 4
0.70710678118654746  a  5  1  2 4 8  b  5  1  2 3
3
-0.40824829046386307  a  5  1  2 4 8  b  5  1  2 3
0.40824829046386307  a  5  1  2 3 8  b  5  1  2 4
0.81649658092772615  a  5  1  2 3 4  b  5  1  2 8
2
0.70710678118654746  a  5  1  2 3 9  b  5  1  2 4
0.70710678118654746  a  5  1  2 4 9  b  5  1  2 3
3
-0.40824829046386307  a  5  1  2 4 9  b  5  1  2 3
0.40824829046386307  a  5  1  2 3 9  b  5  1  2 4
0.81649658092772615  a  5  1  2 3 4  b  5  1  2 9
2
0.70710678118654746  a  5  1  3 2 6  b  5  1  3 4
0.70710678118654746  a  5  1  3 4 6  b  5  1  3 2
3
-0.40824829046386307  a  5  1  3 4 6  b  5  1  3 2
0.40824829046386307  a  5  1  3 2 6  b  5  1  3 4
0.81649658092772615  a  5  1  3 2 4  b  5  1  3 6
2
0.70710678118654746  a  5  1  3 2 7  b  5  1  3 4
0.70710678118654746  a  5  1  3 4 7  b  5  1  3 2
3
-0.40824829046386307  a  5  1  3 4 7  b  5  1  3 2
0.40824829046386307  a  5  1  3 2 7  b  5  1  3 4
0.81649658092772615  a  5  1  3 2 4  b  5  1  3 7
2
0.70710678118654746  a  5  1  3 2 8  b  5  1  3 4
0.70710678118654746  a  5  1  3 4 8  b  5  1  3 2
3
-0.40824829046386307  a  5  1  3 4 8  b  5  1  3 2
0.40824829046386307  a  5  1  3 2 8  b  5  1  3 4
0.81649658092772615  a  5  1  3 2 4  b  5  1  3 8
2
0.70710678118654746  a  5  1  3 2 9  b  5  1  3 4
0.70710678118654746  a  5  1  3 4 9  b  5  1  3 2
3
-0.40824829046386307  a  5  1  3 4 9  b  5  1  3 2
0.40824829046386307  a  5  1  3 2 9  b  5  1  3 4
0.81649658092772615  a  5  1  3 2 4  b  5  1  3 9
2
0.70710678118654746  a  5  1  4 2 6  b  5  1  4 3
0.70710678118654746  a  5  1  4 3 6  b  5  1  4 2
3
-0.40824829046386307  a  5  1  4 3 6  b  5  1  4 2
0.40824829046386307  a  5  1  4 2 6  b  5  1  4 3
0.81649658092772615  a  5  1  4 2 3  b  5  1  4 6
2
0.70710678118654746  a  5  1  4 2 7  b  5  1  4 3
0.70710678118654746  a  5  1  4 3 7  b  5  1  4 2
3
-0.40824829046386307  a  5  1  4 3 7  b  5  1  4 2
0.40824829046386307  a  5  1  4 2 7  b  5  1  4 3
0.81649658092772615  a  5  1  4 2 3  b  5  1  4 7
2
0.70710678118654746  a  5  1  4 2 8  b  5  1  4 3
0.70710678118654746  a  5  1  4 3 8  b  5  1  4 2
3
-0.40824829046386307  a  5  1  4 3 8  b  5  1  4 2
0.40824829046386307  a  5  1  4 2 8  b  5  1  4 3
0.81649658092772615  a  5  1  4 2 3  b  5  1  4 8
2
0.70710678118654746  a  5  1  4 2 9  b  5  1  4 3
0.70710678118654746  a  5  1  4 3 9  b  5  1  4 2
3
-0.40824829046386307  a  5  1  4 3 9  b  5  1  4 2
0.40824829046386307  a  5  1  4 2 9  b  5  1  4 3
0.81649658092772615  a  5  1  4 2 3  b  5  1  4 9
2
0.70710678118654746  a  5  2  3 1 6  b  5  2  3 4
0.70710678118654746  a  5  2  3 4 6  b  5  2  3 1
3
-0.40824829046386307  a  5  2  3 4 6  b  5  2  3 1
0.40824829046386307  a  5  2  3 1 6  b  5  2  3 4
0.81649658092772615  a  5  2  3 1 4  b  5  2  3 6
2
0.70710678118654746  a  5  2  3 1 7  b  5  2  3 4
0.70710678118654746  a  5  2  3 4 7  b  5  2  3 1
3
-0.40824829046386307  a  5  2  3 4 7  b  5  2  3 1
0.40824829046386307  a  5  2  3 1 7  b  5  2  3 4
0.81649658092772615  a  5  2  3 1 4  b  5  2  3 7
2
0.70710678118654746  a  5  2  3 1 8  b  5  2  3 4
0.70710678118654746  a  5  2  3 4 8  b  5  2  3 1
3
-0.40824829046386307  a  5  2  3 4 8  b  5  2  3 1
0.40824829046386307  a  5  2  3 1 8  b  5  2  3 4
0.81649658092772615  a  5  2  3 1 4  b  5  2  3 8
2
0.70710678118654746  a  5  2  3 1 9  b  5  2  3 4
0.70710678118654746  a  5  2  3 4 9  b  5  2  3 1
3
-0.40824829046386307  a  5  2  3 4 9  b  5  2  3 1
0.40824829046386307  a  5  2  3 1 9  b  5  2  3 4
0.81649658092772615  a  5  2  3 1 4  b  5  2  3 9
2
0.70710678118654746  a  5  2  4 1 6  b  5  2  4 3
0.70710678118654746  a  5  2  4 3 6  b  5  2  4 1
3
-0.40824829046386307  a  5  2  4 3 6  b  5  2  4 1
0.40824829046386307  a  5  2  4 1 6  b  5  2  4 3
0.81649658092772615  a  5  2  4 1 3  b  5  2  4 6
2
0.70710678118654746  a  5  2  4 1 7  b  5  2  4 3
0.70710678118654746  a  5  2  4 3 7  b  5  2  4 1
3
-0.40824829046386307  a  5  2  4 3 7  b  5  2  4 1
0.40824829046386307  a  5  2  4 1 7  b  5  2  4 3
0.81649658092772615  a  5  2  4 1 3  b  5  2  4 7
2
0.70710678118654746  a  5  2  4 1 8  b  5  2  4 3
0.70710678118654746  a  5  2  4 3 8  b  5  2  4 1
3
-0.40824829046386307  a  5  2  4 3 8  b  5  2  4 1
0.40824829046386307  a  5  2  4 1 8  b  5  2  4 3
0.81649658092772615  a  5  2  4 1 3  b  5  2  4 8
2
0.70710678118654746  a  5  2  4 1 9  b  5  2  4 3
0.70710678118654746  a  5  2  4 3 9  b  5  2  4 1
3
-0.40824829046386307  a  5  2  4 3 9  b  5  2  4 1
0.40824829046386307  a  5  2  4 1 9  b  5  2  4 3
0.81649658092772615  a  5  2  4 1 3  b  5  2  4 9
2
0.70710678118654746  a  5  3  4 1 6  b  5  3  4 2
0.70710678118654746  a  5  3  4 2 6  b  5  3  4 1
3
-0.40824829046386307  a  5  3  4 2 6  b  5  3  4 1
0.40824829046386307  a  5  3  4 1 6  b  5  3  4 2
0.81649658092772615  a  5  3  4 1 2  b  5  3  4 6
2
0.70710678118654746  a  5  3  4 1 7  b  5  3  4 2
0.70710678118654746  a  5  3  4 2 7  b  5  3  4 1
3
-0.40824829046386307  a  5  3  4 2 7  b  5  3  4 1
0.40824829046386307  a  5  3  4 1 7  b  5  3  4 2
0.81649658092772615  a  5  3  4 1 2  b  5  3  4 7
2
0.70710678118654746  a  5  3  4 1 8  b  5  3  4 2
0.70710678118654746  a  5  3  4 2 8  b  5  3  4 1
3
-0.40824829046386307  a  5  3  4 2 8  b  5  3  4 1
0.40824829046386307  a  5  3  4 1 8  b  5  3  4 2
0.81649658092772615  a  5  3  4 1 2  b  5  3  4 8
2
0.70710678118654746  a  5  3  4 1 9  b  5  3  4 2
0.70710678118654746  a  5  3  4 2 9  b  5  3  4 1
3
-0.40824829046386307  a  5  3  4 2 9  b  5  3  4 1
0.40824829046386307  a  5  3  4 1 9  b  5  3  4 2
0.81649658092772615  a  5  3  4 1 2  b  5  3  4 9
1
1.0  a  5  1  2  3 6  b  5  1  2  3
1
1.0  a  5  1  2  3 7  b  5  1  2  3
1
1.0  a  5  1  2  3 8  b  5  1  2  3
1
1.0  a  5  1  2  3 9  b  5  1  2  3
1
1.0  a  5  1  2  4 6  b  5  1  2  4
1
1.0  a  5  1  2  4 7  b  5  1  2  4
1
1.0  a  5  1  2  4 8  b  5  1  2  4
1
1.0  a  5  1  2  4 9  b  5  1  2  4
1
1.0  a  5  1  3  4 6  b  5  1  3  4
1
1.0  a  5  1  3  4 7  b  5  1  3  4
1
1.0  a  5  1  3  4 8  b  5  1  3  4
1
1.0  a  5  1  3  4 9  b  5  1  3  4
1
1.0  a  5  2  3  4 6  b  5  2  3  4
1
1.0  a  5  2  3  4 7  b  5  2  3  4
1
1.0  a  5  2  3  4 8  b  5  2  3  4
1
1.0  a  5  2  3  4 9  b  5  2  3  4
