68 0.000000000000001
 ci_oh3_final_267.out 
5 5
68
2
0.70710678118654746  a  5  1  2  3 4  b  5  1  2  3 267
0.70710678118654746  a  5  1  2  3 267  b  5  1  2  3 4
2
0.70710678118654746  a  5  1  2  4 3  b  5  1  2  4 267
0.70710678118654746  a  5  1  2  4 267  b  5  1  2  4 3
2
0.70710678118654746  a  5  1  3  4 2  b  5  1  3  4 267
0.70710678118654746  a  5  1  3  4 267  b  5  1  3  4 2
2
0.70710678118654746  a  5  2  3  4 1  b  5  2  3  4 267
0.70710678118654746  a  5  2  3  4 267  b  5  2  3  4 1
4
0.5  a  5  1  2 3 6  b  5  1  2 4 267
0.5  a  5  1  2 3 267  b  5  1  2 4 6
0.5  a  5  1  2 4 6  b  5  1  2 3 267
0.5  a  5  1  2 4 267  b  5  1  2 3 6
6
0.57735026918962584  a  5  1  2 3 4  b  5  1  2 6 267
0.57735026918962584  a  5  1  2 6 267  b  5  1  2 3 4
0.28867513459481292  a  5  1  2 3 6  b  5  1  2 4 267
0.28867513459481292  a  5  1  2 4 267  b  5  1  2 3 6
-0.28867513459481292  a  5  1  2 3 267  b  5  1  2 4 6
-0.28867513459481292  a  5  1  2 4 6  b  5  1  2 3 267
4
0.5  a  5  1  2 3 7  b  5  1  2 4 267
0.5  a  5  1  2 3 267  b  5  1  2 4 7
0.5  a  5  1  2 4 7  b  5  1  2 3 267
0.5  a  5  1  2 4 267  b  5  1  2 3 7
6
0.57735026918962584  a  5  1  2 3 4  b  5  1  2 7 267
0.57735026918962584  a  5  1  2 7 267  b  5  1  2 3 4
0.28867513459481292  a  5  1  2 3 7  b  5  1  2 4 267
0.28867513459481292  a  5  1  2 4 267  b  5  1  2 3 7
-0.28867513459481292  a  5  1  2 3 267  b  5  1  2 4 7
-0.28867513459481292  a  5  1  2 4 7  b  5  1  2 3 267
4
0.5  a  5  1  2 3 8  b  5  1  2 4 267
0.5  a  5  1  2 3 267  b  5  1  2 4 8
0.5  a  5  1  2 4 8  b  5  1  2 3 267
0.5  a  5  1  2 4 267  b  5  1  2 3 8
6
0.57735026918962584  a  5  1  2 3 4  b  5  1  2 8 267
0.57735026918962584  a  5  1  2 8 267  b  5  1  2 3 4
0.28867513459481292  a  5  1  2 3 8  b  5  1  2 4 267
0.28867513459481292  a  5  1  2 4 267  b  5  1  2 3 8
-0.28867513459481292  a  5  1  2 3 267  b  5  1  2 4 8
-0.28867513459481292  a  5  1  2 4 8  b  5  1  2 3 267
4
0.5  a  5  1  2 3 9  b  5  1  2 4 267
0.5  a  5  1  2 3 267  b  5  1  2 4 9
0.5  a  5  1  2 4 9  b  5  1  2 3 267
0.5  a  5  1  2 4 267  b  5  1  2 3 9
6
0.57735026918962584  a  5  1  2 3 4  b  5  1  2 9 267
0.57735026918962584  a  5  1  2 9 267  b  5  1  2 3 4
0.28867513459481292  a  5  1  2 3 9  b  5  1  2 4 267
0.28867513459481292  a  5  1  2 4 267  b  5  1  2 3 9
-0.28867513459481292  a  5  1  2 3 267  b  5  1  2 4 9
-0.28867513459481292  a  5  1  2 4 9  b  5  1  2 3 267
4
0.5  a  5  1  3 2 6  b  5  1  3 4 267
0.5  a  5  1  3 2 267  b  5  1  3 4 6
0.5  a  5  1  3 4 6  b  5  1  3 2 267
0.5  a  5  1  3 4 267  b  5  1  3 2 6
6
0.57735026918962584  a  5  1  3 2 4  b  5  1  3 6 267
0.57735026918962584  a  5  1  3 6 267  b  5  1  3 2 4
0.28867513459481292  a  5  1  3 2 6  b  5  1  3 4 267
0.28867513459481292  a  5  1  3 4 267  b  5  1  3 2 6
-0.28867513459481292  a  5  1  3 2 267  b  5  1  3 4 6
-0.28867513459481292  a  5  1  3 4 6  b  5  1  3 2 267
4
0.5  a  5  1  3 2 7  b  5  1  3 4 267
0.5  a  5  1  3 2 267  b  5  1  3 4 7
0.5  a  5  1  3 4 7  b  5  1  3 2 267
0.5  a  5  1  3 4 267  b  5  1  3 2 7
6
0.57735026918962584  a  5  1  3 2 4  b  5  1  3 7 267
0.57735026918962584  a  5  1  3 7 267  b  5  1  3 2 4
0.28867513459481292  a  5  1  3 2 7  b  5  1  3 4 267
0.28867513459481292  a  5  1  3 4 267  b  5  1  3 2 7
-0.28867513459481292  a  5  1  3 2 267  b  5  1  3 4 7
-0.28867513459481292  a  5  1  3 4 7  b  5  1  3 2 267
4
0.5  a  5  1  3 2 8  b  5  1  3 4 267
0.5  a  5  1  3 2 267  b  5  1  3 4 8
0.5  a  5  1  3 4 8  b  5  1  3 2 267
0.5  a  5  1  3 4 267  b  5  1  3 2 8
6
0.57735026918962584  a  5  1  3 2 4  b  5  1  3 8 267
0.57735026918962584  a  5  1  3 8 267  b  5  1  3 2 4
0.28867513459481292  a  5  1  3 2 8  b  5  1  3 4 267
0.28867513459481292  a  5  1  3 4 267  b  5  1  3 2 8
-0.28867513459481292  a  5  1  3 2 267  b  5  1  3 4 8
-0.28867513459481292  a  5  1  3 4 8  b  5  1  3 2 267
4
0.5  a  5  1  3 2 9  b  5  1  3 4 267
0.5  a  5  1  3 2 267  b  5  1  3 4 9
0.5  a  5  1  3 4 9  b  5  1  3 2 267
0.5  a  5  1  3 4 267  b  5  1  3 2 9
6
0.57735026918962584  a  5  1  3 2 4  b  5  1  3 9 267
0.57735026918962584  a  5  1  3 9 267  b  5  1  3 2 4
0.28867513459481292  a  5  1  3 2 9  b  5  1  3 4 267
0.28867513459481292  a  5  1  3 4 267  b  5  1  3 2 9
-0.28867513459481292  a  5  1  3 2 267  b  5  1  3 4 9
-0.28867513459481292  a  5  1  3 4 9  b  5  1  3 2 267
4
0.5  a  5  1  4 2 6  b  5  1  4 3 267
0.5  a  5  1  4 2 267  b  5  1  4 3 6
0.5  a  5  1  4 3 6  b  5  1  4 2 267
0.5  a  5  1  4 3 267  b  5  1  4 2 6
6
0.57735026918962584  a  5  1  4 2 3  b  5  1  4 6 267
0.57735026918962584  a  5  1  4 6 267  b  5  1  4 2 3
0.28867513459481292  a  5  1  4 2 6  b  5  1  4 3 267
0.28867513459481292  a  5  1  4 3 267  b  5  1  4 2 6
-0.28867513459481292  a  5  1  4 2 267  b  5  1  4 3 6
-0.28867513459481292  a  5  1  4 3 6  b  5  1  4 2 267
4
0.5  a  5  1  4 2 7  b  5  1  4 3 267
0.5  a  5  1  4 2 267  b  5  1  4 3 7
0.5  a  5  1  4 3 7  b  5  1  4 2 267
0.5  a  5  1  4 3 267  b  5  1  4 2 7
6
0.57735026918962584  a  5  1  4 2 3  b  5  1  4 7 267
0.57735026918962584  a  5  1  4 7 267  b  5  1  4 2 3
0.28867513459481292  a  5  1  4 2 7  b  5  1  4 3 267
0.28867513459481292  a  5  1  4 3 267  b  5  1  4 2 7
-0.28867513459481292  a  5  1  4 2 267  b  5  1  4 3 7
-0.28867513459481292  a  5  1  4 3 7  b  5  1  4 2 267
4
0.5  a  5  1  4 2 8  b  5  1  4 3 267
0.5  a  5  1  4 2 267  b  5  1  4 3 8
0.5  a  5  1  4 3 8  b  5  1  4 2 267
0.5  a  5  1  4 3 267  b  5  1  4 2 8
6
0.57735026918962584  a  5  1  4 2 3  b  5  1  4 8 267
0.57735026918962584  a  5  1  4 8 267  b  5  1  4 2 3
0.28867513459481292  a  5  1  4 2 8  b  5  1  4 3 267
0.28867513459481292  a  5  1  4 3 267  b  5  1  4 2 8
-0.28867513459481292  a  5  1  4 2 267  b  5  1  4 3 8
-0.28867513459481292  a  5  1  4 3 8  b  5  1  4 2 267
4
0.5  a  5  1  4 2 9  b  5  1  4 3 267
0.5  a  5  1  4 2 267  b  5  1  4 3 9
0.5  a  5  1  4 3 9  b  5  1  4 2 267
0.5  a  5  1  4 3 267  b  5  1  4 2 9
6
0.57735026918962584  a  5  1  4 2 3  b  5  1  4 9 267
0.57735026918962584  a  5  1  4 9 267  b  5  1  4 2 3
0.28867513459481292  a  5  1  4 2 9  b  5  1  4 3 267
0.28867513459481292  a  5  1  4 3 267  b  5  1  4 2 9
-0.28867513459481292  a  5  1  4 2 267  b  5  1  4 3 9
-0.28867513459481292  a  5  1  4 3 9  b  5  1  4 2 267
4
0.5  a  5  2  3 1 6  b  5  2  3 4 267
0.5  a  5  2  3 1 267  b  5  2  3 4 6
0.5  a  5  2  3 4 6  b  5  2  3 1 267
0.5  a  5  2  3 4 267  b  5  2  3 1 6
6
0.57735026918962584  a  5  2  3 1 4  b  5  2  3 6 267
0.57735026918962584  a  5  2  3 6 267  b  5  2  3 1 4
0.28867513459481292  a  5  2  3 1 6  b  5  2  3 4 267
0.28867513459481292  a  5  2  3 4 267  b  5  2  3 1 6
-0.28867513459481292  a  5  2  3 1 267  b  5  2  3 4 6
-0.28867513459481292  a  5  2  3 4 6  b  5  2  3 1 267
4
0.5  a  5  2  3 1 7  b  5  2  3 4 267
0.5  a  5  2  3 1 267  b  5  2  3 4 7
0.5  a  5  2  3 4 7  b  5  2  3 1 267
0.5  a  5  2  3 4 267  b  5  2  3 1 7
6
0.57735026918962584  a  5  2  3 1 4  b  5  2  3 7 267
0.57735026918962584  a  5  2  3 7 267  b  5  2  3 1 4
0.28867513459481292  a  5  2  3 1 7  b  5  2  3 4 267
0.28867513459481292  a  5  2  3 4 267  b  5  2  3 1 7
-0.28867513459481292  a  5  2  3 1 267  b  5  2  3 4 7
-0.28867513459481292  a  5  2  3 4 7  b  5  2  3 1 267
4
0.5  a  5  2  3 1 8  b  5  2  3 4 267
0.5  a  5  2  3 1 267  b  5  2  3 4 8
0.5  a  5  2  3 4 8  b  5  2  3 1 267
0.5  a  5  2  3 4 267  b  5  2  3 1 8
6
0.57735026918962584  a  5  2  3 1 4  b  5  2  3 8 267
0.57735026918962584  a  5  2  3 8 267  b  5  2  3 1 4
0.28867513459481292  a  5  2  3 1 8  b  5  2  3 4 267
0.28867513459481292  a  5  2  3 4 267  b  5  2  3 1 8
-0.28867513459481292  a  5  2  3 1 267  b  5  2  3 4 8
-0.28867513459481292  a  5  2  3 4 8  b  5  2  3 1 267
4
0.5  a  5  2  3 1 9  b  5  2  3 4 267
0.5  a  5  2  3 1 267  b  5  2  3 4 9
0.5  a  5  2  3 4 9  b  5  2  3 1 267
0.5  a  5  2  3 4 267  b  5  2  3 1 9
6
0.57735026918962584  a  5  2  3 1 4  b  5  2  3 9 267
0.57735026918962584  a  5  2  3 9 267  b  5  2  3 1 4
0.28867513459481292  a  5  2  3 1 9  b  5  2  3 4 267
0.28867513459481292  a  5  2  3 4 267  b  5  2  3 1 9
-0.28867513459481292  a  5  2  3 1 267  b  5  2  3 4 9
-0.28867513459481292  a  5  2  3 4 9  b  5  2  3 1 267
4
0.5  a  5  2  4 1 6  b  5  2  4 3 267
0.5  a  5  2  4 1 267  b  5  2  4 3 6
0.5  a  5  2  4 3 6  b  5  2  4 1 267
0.5  a  5  2  4 3 267  b  5  2  4 1 6
6
0.57735026918962584  a  5  2  4 1 3  b  5  2  4 6 267
0.57735026918962584  a  5  2  4 6 267  b  5  2  4 1 3
0.28867513459481292  a  5  2  4 1 6  b  5  2  4 3 267
0.28867513459481292  a  5  2  4 3 267  b  5  2  4 1 6
-0.28867513459481292  a  5  2  4 1 267  b  5  2  4 3 6
-0.28867513459481292  a  5  2  4 3 6  b  5  2  4 1 267
4
0.5  a  5  2  4 1 7  b  5  2  4 3 267
0.5  a  5  2  4 1 267  b  5  2  4 3 7
0.5  a  5  2  4 3 7  b  5  2  4 1 267
0.5  a  5  2  4 3 267  b  5  2  4 1 7
6
0.57735026918962584  a  5  2  4 1 3  b  5  2  4 7 267
0.57735026918962584  a  5  2  4 7 267  b  5  2  4 1 3
0.28867513459481292  a  5  2  4 1 7  b  5  2  4 3 267
0.28867513459481292  a  5  2  4 3 267  b  5  2  4 1 7
-0.28867513459481292  a  5  2  4 1 267  b  5  2  4 3 7
-0.28867513459481292  a  5  2  4 3 7  b  5  2  4 1 267
4
0.5  a  5  2  4 1 8  b  5  2  4 3 267
0.5  a  5  2  4 1 267  b  5  2  4 3 8
0.5  a  5  2  4 3 8  b  5  2  4 1 267
0.5  a  5  2  4 3 267  b  5  2  4 1 8
6
0.57735026918962584  a  5  2  4 1 3  b  5  2  4 8 267
0.57735026918962584  a  5  2  4 8 267  b  5  2  4 1 3
0.28867513459481292  a  5  2  4 1 8  b  5  2  4 3 267
0.28867513459481292  a  5  2  4 3 267  b  5  2  4 1 8
-0.28867513459481292  a  5  2  4 1 267  b  5  2  4 3 8
-0.28867513459481292  a  5  2  4 3 8  b  5  2  4 1 267
4
0.5  a  5  2  4 1 9  b  5  2  4 3 267
0.5  a  5  2  4 1 267  b  5  2  4 3 9
0.5  a  5  2  4 3 9  b  5  2  4 1 267
0.5  a  5  2  4 3 267  b  5  2  4 1 9
6
0.57735026918962584  a  5  2  4 1 3  b  5  2  4 9 267
0.57735026918962584  a  5  2  4 9 267  b  5  2  4 1 3
0.28867513459481292  a  5  2  4 1 9  b  5  2  4 3 267
0.28867513459481292  a  5  2  4 3 267  b  5  2  4 1 9
-0.28867513459481292  a  5  2  4 1 267  b  5  2  4 3 9
-0.28867513459481292  a  5  2  4 3 9  b  5  2  4 1 267
4
0.5  a  5  3  4 1 6  b  5  3  4 2 267
0.5  a  5  3  4 1 267  b  5  3  4 2 6
0.5  a  5  3  4 2 6  b  5  3  4 1 267
0.5  a  5  3  4 2 267  b  5  3  4 1 6
6
0.57735026918962584  a  5  3  4 1 2  b  5  3  4 6 267
0.57735026918962584  a  5  3  4 6 267  b  5  3  4 1 2
0.28867513459481292  a  5  3  4 1 6  b  5  3  4 2 267
0.28867513459481292  a  5  3  4 2 267  b  5  3  4 1 6
-0.28867513459481292  a  5  3  4 1 267  b  5  3  4 2 6
-0.28867513459481292  a  5  3  4 2 6  b  5  3  4 1 267
4
0.5  a  5  3  4 1 7  b  5  3  4 2 267
0.5  a  5  3  4 1 267  b  5  3  4 2 7
0.5  a  5  3  4 2 7  b  5  3  4 1 267
0.5  a  5  3  4 2 267  b  5  3  4 1 7
6
0.57735026918962584  a  5  3  4 1 2  b  5  3  4 7 267
0.57735026918962584  a  5  3  4 7 267  b  5  3  4 1 2
0.28867513459481292  a  5  3  4 1 7  b  5  3  4 2 267
0.28867513459481292  a  5  3  4 2 267  b  5  3  4 1 7
-0.28867513459481292  a  5  3  4 1 267  b  5  3  4 2 7
-0.28867513459481292  a  5  3  4 2 7  b  5  3  4 1 267
4
0.5  a  5  3  4 1 8  b  5  3  4 2 267
0.5  a  5  3  4 1 267  b  5  3  4 2 8
0.5  a  5  3  4 2 8  b  5  3  4 1 267
0.5  a  5  3  4 2 267  b  5  3  4 1 8
6
0.57735026918962584  a  5  3  4 1 2  b  5  3  4 8 267
0.57735026918962584  a  5  3  4 8 267  b  5  3  4 1 2
0.28867513459481292  a  5  3  4 1 8  b  5  3  4 2 267
0.28867513459481292  a  5  3  4 2 267  b  5  3  4 1 8
-0.28867513459481292  a  5  3  4 1 267  b  5  3  4 2 8
-0.28867513459481292  a  5  3  4 2 8  b  5  3  4 1 267
4
0.5  a  5  3  4 1 9  b  5  3  4 2 267
0.5  a  5  3  4 1 267  b  5  3  4 2 9
0.5  a  5  3  4 2 9  b  5  3  4 1 267
0.5  a  5  3  4 2 267  b  5  3  4 1 9
6
0.57735026918962584  a  5  3  4 1 2  b  5  3  4 9 267
0.57735026918962584  a  5  3  4 9 267  b  5  3  4 1 2
0.28867513459481292  a  5  3  4 1 9  b  5  3  4 2 267
0.28867513459481292  a  5  3  4 2 267  b  5  3  4 1 9
-0.28867513459481292  a  5  3  4 1 267  b  5  3  4 2 9
-0.28867513459481292  a  5  3  4 2 9  b  5  3  4 1 267
2
0.70710678118654746  a  5  1  2  3 6  b  5  1  2  3 267
0.70710678118654746  a  5  1  2  3 267  b  5  1  2  3 6
2
0.70710678118654746  a  5  1  2  3 7  b  5  1  2  3 267
0.70710678118654746  a  5  1  2  3 267  b  5  1  2  3 7
2
0.70710678118654746  a  5  1  2  3 8  b  5  1  2  3 267
0.70710678118654746  a  5  1  2  3 267  b  5  1  2  3 8
2
0.70710678118654746  a  5  1  2  3 9  b  5  1  2  3 267
0.70710678118654746  a  5  1  2  3 267  b  5  1  2  3 9
2
0.70710678118654746  a  5  1  2  4 6  b  5  1  2  4 267
0.70710678118654746  a  5  1  2  4 267  b  5  1  2  4 6
2
0.70710678118654746  a  5  1  2  4 7  b  5  1  2  4 267
0.70710678118654746  a  5  1  2  4 267  b  5  1  2  4 7
2
0.70710678118654746  a  5  1  2  4 8  b  5  1  2  4 267
0.70710678118654746  a  5  1  2  4 267  b  5  1  2  4 8
2
0.70710678118654746  a  5  1  2  4 9  b  5  1  2  4 267
0.70710678118654746  a  5  1  2  4 267  b  5  1  2  4 9
2
0.70710678118654746  a  5  1  3  4 6  b  5  1  3  4 267
0.70710678118654746  a  5  1  3  4 267  b  5  1  3  4 6
2
0.70710678118654746  a  5  1  3  4 7  b  5  1  3  4 267
0.70710678118654746  a  5  1  3  4 267  b  5  1  3  4 7
2
0.70710678118654746  a  5  1  3  4 8  b  5  1  3  4 267
0.70710678118654746  a  5  1  3  4 267  b  5  1  3  4 8
2
0.70710678118654746  a  5  1  3  4 9  b  5  1  3  4 267
0.70710678118654746  a  5  1  3  4 267  b  5  1  3  4 9
2
0.70710678118654746  a  5  2  3  4 6  b  5  2  3  4 267
0.70710678118654746  a  5  2  3  4 267  b  5  2  3  4 6
2
0.70710678118654746  a  5  2  3  4 7  b  5  2  3  4 267
0.70710678118654746  a  5  2  3  4 267  b  5  2  3  4 7
2
0.70710678118654746  a  5  2  3  4 8  b  5  2  3  4 267
0.70710678118654746  a  5  2  3  4 267  b  5  2  3  4 8
2
0.70710678118654746  a  5  2  3  4 9  b  5  2  3  4 267
0.70710678118654746  a  5  2  3  4 267  b  5  2  3  4 9
