16 0.000000000000001
 ci_oh3_final_204.out 
5 5
16
4
0.5  a  5  1  2 3 6  b  5  1  2 4 204
0.5  a  5  1  2 3 204  b  5  1  2 4 6
0.5  a  5  1  2 4 6  b  5  1  2 3 204
0.5  a  5  1  2 4 204  b  5  1  2 3 6
6
0.57735026918962584  a  5  1  2 3 4  b  5  1  2 6 204
0.57735026918962584  a  5  1  2 6 204  b  5  1  2 3 4
0.28867513459481292  a  5  1  2 3 6  b  5  1  2 4 204
0.28867513459481292  a  5  1  2 4 204  b  5  1  2 3 6
-0.28867513459481292  a  5  1  2 3 204  b  5  1  2 4 6
-0.28867513459481292  a  5  1  2 4 6  b  5  1  2 3 204
4
0.5  a  5  1  3 2 6  b  5  1  3 4 204
0.5  a  5  1  3 2 204  b  5  1  3 4 6
0.5  a  5  1  3 4 6  b  5  1  3 2 204
0.5  a  5  1  3 4 204  b  5  1  3 2 6
6
0.57735026918962584  a  5  1  3 2 4  b  5  1  3 6 204
0.57735026918962584  a  5  1  3 6 204  b  5  1  3 2 4
0.28867513459481292  a  5  1  3 2 6  b  5  1  3 4 204
0.28867513459481292  a  5  1  3 4 204  b  5  1  3 2 6
-0.28867513459481292  a  5  1  3 2 204  b  5  1  3 4 6
-0.28867513459481292  a  5  1  3 4 6  b  5  1  3 2 204
4
0.5  a  5  1  4 2 6  b  5  1  4 3 204
0.5  a  5  1  4 2 204  b  5  1  4 3 6
0.5  a  5  1  4 3 6  b  5  1  4 2 204
0.5  a  5  1  4 3 204  b  5  1  4 2 6
6
0.57735026918962584  a  5  1  4 2 3  b  5  1  4 6 204
0.57735026918962584  a  5  1  4 6 204  b  5  1  4 2 3
0.28867513459481292  a  5  1  4 2 6  b  5  1  4 3 204
0.28867513459481292  a  5  1  4 3 204  b  5  1  4 2 6
-0.28867513459481292  a  5  1  4 2 204  b  5  1  4 3 6
-0.28867513459481292  a  5  1  4 3 6  b  5  1  4 2 204
4
0.5  a  5  2  3 1 6  b  5  2  3 4 204
0.5  a  5  2  3 1 204  b  5  2  3 4 6
0.5  a  5  2  3 4 6  b  5  2  3 1 204
0.5  a  5  2  3 4 204  b  5  2  3 1 6
6
0.57735026918962584  a  5  2  3 1 4  b  5  2  3 6 204
0.57735026918962584  a  5  2  3 6 204  b  5  2  3 1 4
0.28867513459481292  a  5  2  3 1 6  b  5  2  3 4 204
0.28867513459481292  a  5  2  3 4 204  b  5  2  3 1 6
-0.28867513459481292  a  5  2  3 1 204  b  5  2  3 4 6
-0.28867513459481292  a  5  2  3 4 6  b  5  2  3 1 204
4
0.5  a  5  2  4 1 6  b  5  2  4 3 204
0.5  a  5  2  4 1 204  b  5  2  4 3 6
0.5  a  5  2  4 3 6  b  5  2  4 1 204
0.5  a  5  2  4 3 204  b  5  2  4 1 6
6
0.57735026918962584  a  5  2  4 1 3  b  5  2  4 6 204
0.57735026918962584  a  5  2  4 6 204  b  5  2  4 1 3
0.28867513459481292  a  5  2  4 1 6  b  5  2  4 3 204
0.28867513459481292  a  5  2  4 3 204  b  5  2  4 1 6
-0.28867513459481292  a  5  2  4 1 204  b  5  2  4 3 6
-0.28867513459481292  a  5  2  4 3 6  b  5  2  4 1 204
4
0.5  a  5  3  4 1 6  b  5  3  4 2 204
0.5  a  5  3  4 1 204  b  5  3  4 2 6
0.5  a  5  3  4 2 6  b  5  3  4 1 204
0.5  a  5  3  4 2 204  b  5  3  4 1 6
6
0.57735026918962584  a  5  3  4 1 2  b  5  3  4 6 204
0.57735026918962584  a  5  3  4 6 204  b  5  3  4 1 2
0.28867513459481292  a  5  3  4 1 6  b  5  3  4 2 204
0.28867513459481292  a  5  3  4 2 204  b  5  3  4 1 6
-0.28867513459481292  a  5  3  4 1 204  b  5  3  4 2 6
-0.28867513459481292  a  5  3  4 2 6  b  5  3  4 1 204
2
0.70710678118654746  a  5  1  2  3 6  b  5  1  2  3 204
0.70710678118654746  a  5  1  2  3 204  b  5  1  2  3 6
2
0.70710678118654746  a  5  1  2  4 6  b  5  1  2  4 204
0.70710678118654746  a  5  1  2  4 204  b  5  1  2  4 6
2
0.70710678118654746  a  5  1  3  4 6  b  5  1  3  4 204
0.70710678118654746  a  5  1  3  4 204  b  5  1  3  4 6
2
0.70710678118654746  a  5  2  3  4 6  b  5  2  3  4 204
0.70710678118654746  a  5  2  3  4 204  b  5  2  3  4 6
