16 0.000000000000001
 ci_oh3_final_80.out 
5 5
16
4
0.5  a  5  1  2 3 6  b  5  1  2 4 80
0.5  a  5  1  2 3 80  b  5  1  2 4 6
0.5  a  5  1  2 4 6  b  5  1  2 3 80
0.5  a  5  1  2 4 80  b  5  1  2 3 6
6
0.57735026918962584  a  5  1  2 3 4  b  5  1  2 6 80
0.57735026918962584  a  5  1  2 6 80  b  5  1  2 3 4
0.28867513459481292  a  5  1  2 3 6  b  5  1  2 4 80
0.28867513459481292  a  5  1  2 4 80  b  5  1  2 3 6
-0.28867513459481292  a  5  1  2 3 80  b  5  1  2 4 6
-0.28867513459481292  a  5  1  2 4 6  b  5  1  2 3 80
4
0.5  a  5  1  3 2 6  b  5  1  3 4 80
0.5  a  5  1  3 2 80  b  5  1  3 4 6
0.5  a  5  1  3 4 6  b  5  1  3 2 80
0.5  a  5  1  3 4 80  b  5  1  3 2 6
6
0.57735026918962584  a  5  1  3 2 4  b  5  1  3 6 80
0.57735026918962584  a  5  1  3 6 80  b  5  1  3 2 4
0.28867513459481292  a  5  1  3 2 6  b  5  1  3 4 80
0.28867513459481292  a  5  1  3 4 80  b  5  1  3 2 6
-0.28867513459481292  a  5  1  3 2 80  b  5  1  3 4 6
-0.28867513459481292  a  5  1  3 4 6  b  5  1  3 2 80
4
0.5  a  5  1  4 2 6  b  5  1  4 3 80
0.5  a  5  1  4 2 80  b  5  1  4 3 6
0.5  a  5  1  4 3 6  b  5  1  4 2 80
0.5  a  5  1  4 3 80  b  5  1  4 2 6
6
0.57735026918962584  a  5  1  4 2 3  b  5  1  4 6 80
0.57735026918962584  a  5  1  4 6 80  b  5  1  4 2 3
0.28867513459481292  a  5  1  4 2 6  b  5  1  4 3 80
0.28867513459481292  a  5  1  4 3 80  b  5  1  4 2 6
-0.28867513459481292  a  5  1  4 2 80  b  5  1  4 3 6
-0.28867513459481292  a  5  1  4 3 6  b  5  1  4 2 80
4
0.5  a  5  2  3 1 6  b  5  2  3 4 80
0.5  a  5  2  3 1 80  b  5  2  3 4 6
0.5  a  5  2  3 4 6  b  5  2  3 1 80
0.5  a  5  2  3 4 80  b  5  2  3 1 6
6
0.57735026918962584  a  5  2  3 1 4  b  5  2  3 6 80
0.57735026918962584  a  5  2  3 6 80  b  5  2  3 1 4
0.28867513459481292  a  5  2  3 1 6  b  5  2  3 4 80
0.28867513459481292  a  5  2  3 4 80  b  5  2  3 1 6
-0.28867513459481292  a  5  2  3 1 80  b  5  2  3 4 6
-0.28867513459481292  a  5  2  3 4 6  b  5  2  3 1 80
4
0.5  a  5  2  4 1 6  b  5  2  4 3 80
0.5  a  5  2  4 1 80  b  5  2  4 3 6
0.5  a  5  2  4 3 6  b  5  2  4 1 80
0.5  a  5  2  4 3 80  b  5  2  4 1 6
6
0.57735026918962584  a  5  2  4 1 3  b  5  2  4 6 80
0.57735026918962584  a  5  2  4 6 80  b  5  2  4 1 3
0.28867513459481292  a  5  2  4 1 6  b  5  2  4 3 80
0.28867513459481292  a  5  2  4 3 80  b  5  2  4 1 6
-0.28867513459481292  a  5  2  4 1 80  b  5  2  4 3 6
-0.28867513459481292  a  5  2  4 3 6  b  5  2  4 1 80
4
0.5  a  5  3  4 1 6  b  5  3  4 2 80
0.5  a  5  3  4 1 80  b  5  3  4 2 6
0.5  a  5  3  4 2 6  b  5  3  4 1 80
0.5  a  5  3  4 2 80  b  5  3  4 1 6
6
0.57735026918962584  a  5  3  4 1 2  b  5  3  4 6 80
0.57735026918962584  a  5  3  4 6 80  b  5  3  4 1 2
0.28867513459481292  a  5  3  4 1 6  b  5  3  4 2 80
0.28867513459481292  a  5  3  4 2 80  b  5  3  4 1 6
-0.28867513459481292  a  5  3  4 1 80  b  5  3  4 2 6
-0.28867513459481292  a  5  3  4 2 6  b  5  3  4 1 80
2
0.70710678118654746  a  5  1  2  3 6  b  5  1  2  3 80
0.70710678118654746  a  5  1  2  3 80  b  5  1  2  3 6
2
0.70710678118654746  a  5  1  2  4 6  b  5  1  2  4 80
0.70710678118654746  a  5  1  2  4 80  b  5  1  2  4 6
2
0.70710678118654746  a  5  1  3  4 6  b  5  1  3  4 80
0.70710678118654746  a  5  1  3  4 80  b  5  1  3  4 6
2
0.70710678118654746  a  5  2  3  4 6  b  5  2  3  4 80
0.70710678118654746  a  5  2  3  4 80  b  5  2  3  4 6
