12 0.000000000000001
 ci_ch3_ion.out 
4 3
12
1
1.0  a  4  1  2 3  b  4  1  2
1
1.0  a  4  1  3 2  b  4  1  3
1
1.0  a  4  2  3 1  b  4  2  3
2
0.70710678118654746  a  4  1 2 5  b  4  1 3
0.70710678118654746  a  4  1 3 5  b  4  1 2
3
-0.40824829046386307  a  4  1 3 5  b  4  1 2
0.40824829046386307  a  4  1 2 5  b  4  1 3
0.81649658092772615  a  4  1 2 3  b  4  1 5
2
0.70710678118654746  a  4  2 1 5  b  4  2 3
0.70710678118654746  a  4  2 3 5  b  4  2 1
3
-0.40824829046386307  a  4  2 3 5  b  4  2 1
0.40824829046386307  a  4  2 1 5  b  4  2 3
0.81649658092772615  a  4  2 1 3  b  4  2 5
2
0.70710678118654746  a  4  3 1 5  b  4  3 2
0.70710678118654746  a  4  3 2 5  b  4  3 1
3
-0.40824829046386307  a  4  3 2 5  b  4  3 1
0.40824829046386307  a  4  3 1 5  b  4  3 2
0.81649658092772615  a  4  3 1 2  b  4  3 5
1
1.0  a  4  1  2 5  b  4  1  2
1
1.0  a  4  1  3 5  b  4  1  3
1
1.0  a  4  2  3 5  b  4  2  3
