9 0.000000000000001
 ci_ch3_final_199.out 
4 4
9
4
0.5  a  4  1 2 5  b  4  1 3 199
0.5  a  4  1 2 199  b  4  1 3 5
0.5  a  4  1 3 5  b  4  1 2 199
0.5  a  4  1 3 199  b  4  1 2 5
6
0.57735026918962584  a  4  1 2 3  b  4  1 5 199
0.57735026918962584  a  4  1 5 199  b  4  1 2 3
0.28867513459481292  a  4  1 2 5  b  4  1 3 199
0.28867513459481292  a  4  1 3 199  b  4  1 2 5
-0.28867513459481292  a  4  1 2 199  b  4  1 3 5
-0.28867513459481292  a  4  1 3 5  b  4  1 2 199
4
0.5  a  4  2 1 5  b  4  2 3 199
0.5  a  4  2 1 199  b  4  2 3 5
0.5  a  4  2 3 5  b  4  2 1 199
0.5  a  4  2 3 199  b  4  2 1 5
6
0.57735026918962584  a  4  2 1 3  b  4  2 5 199
0.57735026918962584  a  4  2 5 199  b  4  2 1 3
0.28867513459481292  a  4  2 1 5  b  4  2 3 199
0.28867513459481292  a  4  2 3 199  b  4  2 1 5
-0.28867513459481292  a  4  2 1 199  b  4  2 3 5
-0.28867513459481292  a  4  2 3 5  b  4  2 1 199
4
0.5  a  4  3 1 5  b  4  3 2 199
0.5  a  4  3 1 199  b  4  3 2 5
0.5  a  4  3 2 5  b  4  3 1 199
0.5  a  4  3 2 199  b  4  3 1 5
6
0.57735026918962584  a  4  3 1 2  b  4  3 5 199
0.57735026918962584  a  4  3 5 199  b  4  3 1 2
0.28867513459481292  a  4  3 1 5  b  4  3 2 199
0.28867513459481292  a  4  3 2 199  b  4  3 1 5
-0.28867513459481292  a  4  3 1 199  b  4  3 2 5
-0.28867513459481292  a  4  3 2 5  b  4  3 1 199
2
0.70710678118654746  a  4  1  2 5  b  4  1  2 199
0.70710678118654746  a  4  1  2 199  b  4  1  2 5
2
0.70710678118654746  a  4  1  3 5  b  4  1  3 199
0.70710678118654746  a  4  1  3 199  b  4  1  3 5
2
0.70710678118654746  a  4  2  3 5  b  4  2  3 199
0.70710678118654746  a  4  2  3 199  b  4  2  3 5
