9 0.000000000000001
 ci_ch3_final_68.out 
4 4
9
4
0.5  a  4  1 2 5  b  4  1 3 68
0.5  a  4  1 2 68  b  4  1 3 5
0.5  a  4  1 3 5  b  4  1 2 68
0.5  a  4  1 3 68  b  4  1 2 5
6
0.57735026918962584  a  4  1 2 3  b  4  1 5 68
0.57735026918962584  a  4  1 5 68  b  4  1 2 3
0.28867513459481292  a  4  1 2 5  b  4  1 3 68
0.28867513459481292  a  4  1 3 68  b  4  1 2 5
-0.28867513459481292  a  4  1 2 68  b  4  1 3 5
-0.28867513459481292  a  4  1 3 5  b  4  1 2 68
4
0.5  a  4  2 1 5  b  4  2 3 68
0.5  a  4  2 1 68  b  4  2 3 5
0.5  a  4  2 3 5  b  4  2 1 68
0.5  a  4  2 3 68  b  4  2 1 5
6
0.57735026918962584  a  4  2 1 3  b  4  2 5 68
0.57735026918962584  a  4  2 5 68  b  4  2 1 3
0.28867513459481292  a  4  2 1 5  b  4  2 3 68
0.28867513459481292  a  4  2 3 68  b  4  2 1 5
-0.28867513459481292  a  4  2 1 68  b  4  2 3 5
-0.28867513459481292  a  4  2 3 5  b  4  2 1 68
4
0.5  a  4  3 1 5  b  4  3 2 68
0.5  a  4  3 1 68  b  4  3 2 5
0.5  a  4  3 2 5  b  4  3 1 68
0.5  a  4  3 2 68  b  4  3 1 5
6
0.57735026918962584  a  4  3 1 2  b  4  3 5 68
0.57735026918962584  a  4  3 5 68  b  4  3 1 2
0.28867513459481292  a  4  3 1 5  b  4  3 2 68
0.28867513459481292  a  4  3 2 68  b  4  3 1 5
-0.28867513459481292  a  4  3 1 68  b  4  3 2 5
-0.28867513459481292  a  4  3 2 5  b  4  3 1 68
2
0.70710678118654746  a  4  1  2 5  b  4  1  2 68
0.70710678118654746  a  4  1  2 68  b  4  1  2 5
2
0.70710678118654746  a  4  1  3 5  b  4  1  3 68
0.70710678118654746  a  4  1  3 68  b  4  1  3 5
2
0.70710678118654746  a  4  2  3 5  b  4  2  3 68
0.70710678118654746  a  4  2  3 68  b  4  2  3 5
