2
0.70710678118654746  a  4  1 2 131  b  4  1 3
0.70710678118654746  a  4  1 3 131  b  4  1 2
3
-0.40824829046386307  a  4  1 3 131  b  4  1 2
0.40824829046386307  a  4  1 2 131  b  4  1 3
0.81649658092772615  a  4  1 2 3  b  4  1 131
2
0.70710678118654746  a  4  2 1 131  b  4  2 3
0.70710678118654746  a  4  2 3 131  b  4  2 1
3
-0.40824829046386307  a  4  2 3 131  b  4  2 1
0.40824829046386307  a  4  2 1 131  b  4  2 3
0.81649658092772615  a  4  2 1 3  b  4  2 131
2
0.70710678118654746  a  4  3 1 131  b  4  3 2
0.70710678118654746  a  4  3 2 131  b  4  3 1
3
-0.40824829046386307  a  4  3 2 131  b  4  3 1
0.40824829046386307  a  4  3 1 131  b  4  3 2
0.81649658092772615  a  4  3 1 2  b  4  3 131
1
1.0  a  4  1  2 131  b  4  1  2
1
1.0  a  4  1  3 131  b  4  1  3
1
1.0  a  4  2  3 131  b  4  2  3
