9 0.000000000000001
 ci_ch2+_final_69 
4 3
9
2
0.70710678118654746  a  4  1 2 69  b  4  1 3
0.70710678118654746  a  4  1 3 69  b  4  1 2
3
-0.40824829046386307  a  4  1 3 69  b  4  1 2
0.40824829046386307  a  4  1 2 69  b  4  1 3
0.81649658092772615  a  4  1 2 3  b  4  1 69
2
0.70710678118654746  a  4  2 1 69  b  4  2 3
0.70710678118654746  a  4  2 3 69  b  4  2 1
3
-0.40824829046386307  a  4  2 3 69  b  4  2 1
0.40824829046386307  a  4  2 1 69  b  4  2 3
0.81649658092772615  a  4  2 1 3  b  4  2 69
2
0.70710678118654746  a  4  3 1 69  b  4  3 2
0.70710678118654746  a  4  3 2 69  b  4  3 1
3
-0.40824829046386307  a  4  3 2 69  b  4  3 1
0.40824829046386307  a  4  3 1 69  b  4  3 2
0.81649658092772615  a  4  3 1 2  b  4  3 69
1
1.0  a  4  1  2 69  b  4  1  2
1
1.0  a  4  1  3 69  b  4  1  3
1
1.0  a  4  2  3 69  b  4  2  3
