37 0.000000000000001
 ci_ch2_decay 
4 3
37
1
1.0  a  1  2  3 4  b  1  2  3
2
0.70710678118654746  a  1  2 4 5  b  1  2 3
0.70710678118654746  a  1  2 3 5  b  1  2 4
3
-0.40824829046386307  a  1  2 3 5  b  1  2 4
0.40824829046386307  a  1  2 4 5  b  1  2 3
0.81649658092772615  a  1  2 4 3  b  1  2 5
2
0.70710678118654746  a  1  2 4 6  b  1  2 3
0.70710678118654746  a  1  2 3 6  b  1  2 4
3
-0.40824829046386307  a  1  2 3 6  b  1  2 4
0.40824829046386307  a  1  2 4 6  b  1  2 3
0.81649658092772615  a  1  2 4 3  b  1  2 6
2
0.70710678118654746  a  1  2 4 7  b  1  2 3
0.70710678118654746  a  1  2 3 7  b  1  2 4
3
-0.40824829046386307  a  1  2 3 7  b  1  2 4
0.40824829046386307  a  1  2 4 7  b  1  2 3
0.81649658092772615  a  1  2 4 3  b  1  2 7
2
0.70710678118654746  a  1  2 4 8  b  1  2 3
0.70710678118654746  a  1  2 3 8  b  1  2 4
3
-0.40824829046386307  a  1  2 3 8  b  1  2 4
0.40824829046386307  a  1  2 4 8  b  1  2 3
0.81649658092772615  a  1  2 4 3  b  1  2 8
2
0.70710678118654746  a  1  2 4 9  b  1  2 3
0.70710678118654746  a  1  2 3 9  b  1  2 4
3
-0.40824829046386307  a  1  2 3 9  b  1  2 4
0.40824829046386307  a  1  2 4 9  b  1  2 3
0.81649658092772615  a  1  2 4 3  b  1  2 9
2
0.70710678118654746  a  1  2 4 10  b  1  2 3
0.70710678118654746  a  1  2 3 10  b  1  2 4
3
-0.40824829046386307  a  1  2 3 10  b  1  2 4
0.40824829046386307  a  1  2 4 10  b  1  2 3
0.81649658092772615  a  1  2 4 3  b  1  2 10
2
0.70710678118654746  a  1  3 4 5  b  1  3 2
0.70710678118654746  a  1  3 2 5  b  1  3 4
3
-0.40824829046386307  a  1  3 2 5  b  1  3 4
0.40824829046386307  a  1  3 4 5  b  1  3 2
0.81649658092772615  a  1  3 4 2  b  1  3 5
2
0.70710678118654746  a  1  3 4 6  b  1  3 2
0.70710678118654746  a  1  3 2 6  b  1  3 4
3
-0.40824829046386307  a  1  3 2 6  b  1  3 4
0.40824829046386307  a  1  3 4 6  b  1  3 2
0.81649658092772615  a  1  3 4 2  b  1  3 6
2
0.70710678118654746  a  1  3 4 7  b  1  3 2
0.70710678118654746  a  1  3 2 7  b  1  3 4
3
-0.40824829046386307  a  1  3 2 7  b  1  3 4
0.40824829046386307  a  1  3 4 7  b  1  3 2
0.81649658092772615  a  1  3 4 2  b  1  3 7
2
0.70710678118654746  a  1  3 4 8  b  1  3 2
0.70710678118654746  a  1  3 2 8  b  1  3 4
3
-0.40824829046386307  a  1  3 2 8  b  1  3 4
0.40824829046386307  a  1  3 4 8  b  1  3 2
0.81649658092772615  a  1  3 4 2  b  1  3 8
2
0.70710678118654746  a  1  3 4 9  b  1  3 2
0.70710678118654746  a  1  3 2 9  b  1  3 4
3
-0.40824829046386307  a  1  3 2 9  b  1  3 4
0.40824829046386307  a  1  3 4 9  b  1  3 2
0.81649658092772615  a  1  3 4 2  b  1  3 9
2
0.70710678118654746  a  1  3 4 10  b  1  3 2
0.70710678118654746  a  1  3 2 10  b  1  3 4
3
-0.40824829046386307  a  1  3 2 10  b  1  3 4
0.40824829046386307  a  1  3 4 10  b  1  3 2
0.81649658092772615  a  1  3 4 2  b  1  3 10
2
0.70710678118654746  a  2  3 4 5  b  2  3 1
0.70710678118654746  a  2  3 1 5  b  2  3 4
3
-0.40824829046386307  a  2  3 1 5  b  2  3 4
0.40824829046386307  a  2  3 4 5  b  2  3 1
0.81649658092772615  a  2  3 4 1  b  2  3 5
2
0.70710678118654746  a  2  3 4 6  b  2  3 1
0.70710678118654746  a  2  3 1 6  b  2  3 4
3
-0.40824829046386307  a  2  3 1 6  b  2  3 4
0.40824829046386307  a  2  3 4 6  b  2  3 1
0.81649658092772615  a  2  3 4 1  b  2  3 6
2
0.70710678118654746  a  2  3 4 7  b  2  3 1
0.70710678118654746  a  2  3 1 7  b  2  3 4
3
-0.40824829046386307  a  2  3 1 7  b  2  3 4
0.40824829046386307  a  2  3 4 7  b  2  3 1
0.81649658092772615  a  2  3 4 1  b  2  3 7
2
0.70710678118654746  a  2  3 4 8  b  2  3 1
0.70710678118654746  a  2  3 1 8  b  2  3 4
3
-0.40824829046386307  a  2  3 1 8  b  2  3 4
0.40824829046386307  a  2  3 4 8  b  2  3 1
0.81649658092772615  a  2  3 4 1  b  2  3 8
2
0.70710678118654746  a  2  3 4 9  b  2  3 1
0.70710678118654746  a  2  3 1 9  b  2  3 4
3
-0.40824829046386307  a  2  3 1 9  b  2  3 4
0.40824829046386307  a  2  3 4 9  b  2  3 1
0.81649658092772615  a  2  3 4 1  b  2  3 9
2
0.70710678118654746  a  2  3 4 10  b  2  3 1
0.70710678118654746  a  2  3 1 10  b  2  3 4
3
-0.40824829046386307  a  2  3 1 10  b  2  3 4
0.40824829046386307  a  2  3 4 10  b  2  3 1
0.81649658092772615  a  2  3 4 1  b  2  3 10
