 -0.6923813735038094   0.0000026390193132
 -0.6727982052322322   0.0000492014936167
 -0.6587798625819661   0.0000329162633482
 -0.6367877870592583   0.0000056234108141
 -0.6091553546419866   0.0000153317425871
 -0.5782559349583757   0.0000084724240331
 -0.5431669088425939   0.0000057216403011
 -0.5034684163974023   0.0000069465202106
 -0.4272025392136750   0.0000024098014748
 -0.3399612667095972   0.0000028519589890
 -0.2437844681734709   0.0000003613428374
 -0.1454795917277140   0.0000010732306632
 -0.0430494561036978   0.0000005505647652
  0.1862781640862575   0.0000000372968204
  0.6373313815185115   0.0000000145271082
  1.0879972546323807   0.0000000138786578
  1.9919602365645789   0.0000000030267840
  2.9534101901111800   0.0000000339138850
  3.4792906748508319   0.0000000240888852
