 -0.6923990680935484   0.0000026227713081
 -0.6728246394610514   0.0000490686122557
 -0.6602992542859299   0.0000403123010706
 -0.6387731527942350   0.0000048973090998
 -0.6130005221076693   0.0000110071975891
 -0.5972246077027396   0.0000294715848200
 -0.5645007952747044   0.0000045232456935
 -0.5291831195921418   0.0000132927962595
 -0.5013613228131400   0.0000062567999244
 -0.4270590281809214   0.0000023753183733
 -0.3421479264125389   0.0000029864103475
 -0.2818576836702958   0.0000007577615541
 -0.1828370501509551   0.0000005526784387
 -0.0508337949563865   0.0000006172131642
  0.1774589341110726   0.0000000369894936
  0.3694763666653485   0.0000001601723666
  0.7011865025652172   0.0000000012682806
  1.1286503915750441   0.0000000183526219
  2.0088296073534316   0.0000000029501121
  2.9698754518479926   0.0000000366224792
  3.4839604739131000   0.0000000237254204
