 -0.6924010684689250   0.0000026200214218
 -0.6728309631667645   0.0000490181167438
 -0.6609698185759193   0.0000447609829352
 -0.6432891930292998   0.0000012315530373
 -0.6266315265236597   0.0000154828693258
 -0.6085759232278068   0.0000153098489989
 -0.5809698632865785   0.0000098920641241
 -0.5463960010672794   0.0000049932132173
 -0.5045011692309419   0.0000070397051628
 -0.4410411736241600   0.0000015840559355
 -0.3843635173970164   0.0000050998699364
 -0.3352397698249796   0.0000025847450606
 -0.2109903277624181   0.0000004958572325
 -0.1069158411290547   0.0000026590509017
 -0.0334045989635127   0.0000002104141669
  0.1868989487106992   0.0000000365690584
  0.5075638925896049   0.0000000261018093
  0.8686880857405671   0.0000000004400335
  1.1606864379813377   0.0000000245921905
  2.0118362831193110   0.0000000029139240
  2.9724560400490807   0.0000000370868836
  3.4845316158818760   0.0000000236811263
