 -0.6730184348233595   0.0000475805302756
 -0.6636736780332340   0.0000773979682244
 -0.6420674568904746   0.0000047584856501
 -0.6102503904444280   0.0000150525009439
 -0.5842470036500484   0.0000120484580251
 -0.5486538960109463   0.0000046738992911
 -0.5033442039475397   0.0000069330751560
 -0.4266359685138475   0.0000024202665180
 -0.3374222928009138   0.0000027132627737
 -0.2088394886657588   0.0000005937247042
 -0.0569311382916602   0.0000006709677701
  0.1734210016420734   0.0000000400239898
  0.5077832744625163   0.0000000260360211
  0.9583541507160095   0.0000000078252157
  1.8537382571955148   0.0000000036920711
  2.8155528249720966   0.0000000208872536
  3.4428147394596622   0.0000000272739645
