 -0.6923952939621260   0.0000026269003379
 -0.6728170978052131   0.0000491123762119
 -0.6597921593723377   0.0000374973866216
 -0.6380198059736783   0.0000052127476900
 -0.6098680480827623   0.0000150548033124
 -0.5872347911504733   0.0000157637427913
 -0.5524272830969313   0.0000041784632581
 -0.5051001483463037   0.0000070873324322
 -0.4440196903881880   0.0000016987322536
 -0.3868457996539780   0.0000043312044208
 -0.3342646029362820   0.0000025567139940
 -0.2071745876231145   0.0000005811134678
 -0.0620589608638080   0.0000007320670104
  0.0589570755940809   0.0000000433073747
  0.2380497456744410   0.0000000392750942
  0.6590992467095049   0.0000000134792744
  1.1096566035668360   0.0000000159504608
  2.0039311466031310   0.0000000029768057
  2.9651928803317783   0.0000000358093191
  3.4827379264039557   0.0000000238200729
