 -0.6922447226018904   0.0000027152555864
 -0.6727076430962267   0.0000495537762901
 -0.6540773341478353   0.0000211469225395
 -0.6312239661841608   0.0000081381596279
 -0.6076727545205301   0.0000156590829985
 -0.5618569650270116   0.0000067984329713
 -0.5098212324720956   0.0000075245054234
 -0.4730983780021803   0.0000042083434838
 -0.4130751781802867   0.0000020084463126
 -0.3344670655079721   0.0000025940703341
 -0.2063029680768392   0.0000005859974758
 -0.0517866113583820   0.0000006240542897
  0.1788116504001159   0.0000000389203122
  0.5897024673289037   0.0000000173518110
  1.0402069685040267   0.0000000107834375
  1.9471763284027890   0.0000000032124988
  2.9088333390781149   0.0000000282410540
  3.4661363361270563   0.0000000251582084
