 -0.6727160205825562   0.0000495093161336
 -0.6532017438820946   0.0000199343573954
 -0.6299490783684278   0.0000087994553904
 -0.6070845955818566   0.0000157960838871
 -0.5609187313500903   0.0000068129859986
 -0.5059388572443018   0.0000070990169050
 -0.4291798500425834   0.0000024483516919
 -0.3428055910601977   0.0000029799987586
 -0.2176853811684489   0.0000005690626762
 -0.0932951246679541   0.0000012667564126
  0.0596982702020314   0.0000000784983569
  0.2683425298310931   0.0000000520629888
  0.7997206089901118   0.0000000138026228
  1.6363569086032593   0.0000000057135263
  2.5986496255810328   0.0000000129794522
  3.4043366754586503   0.0000000316157981
