 -0.6725806709076686   0.0000500221316167
 -0.6470066136490705   0.0000158415402682
 -0.6163974155138056   0.0000125651040267
 -0.5970636350234359   0.0000199995652824
 -0.5570912591455071   0.0000056477525201
 -0.5029387513533925   0.0000068633804927
 -0.4256086852991498   0.0000024286266194
 -0.3343045166059569   0.0000025672181905
 -0.2052418947901524   0.0000005907431486
 -0.0427334103412361   0.0000005525847814
  0.1883805238887226   0.0000000379758012
  0.7955071732110454   0.0000000142353203
  1.4531554607060530   0.0000000105778319
  2.4165307780093407   0.0000000098539233
  3.3777706512577959   0.0000000354953009
