     -0.767737664226       0.001088297216
     -0.767737664215       0.001088297237
     -0.767737663995       0.001088297657
     -0.767737662133       0.001088301208
     -0.767737649982       0.001088324390
     -0.767737636393       0.001088350316
     -0.767737634255       0.001088354396
     -0.767737631261       0.001088360107
     -0.767737611329       0.001088398138
     -0.767737387586       0.001088825232
     -0.767735094085       0.001093222597
     -0.767711774714       0.001140036067
     -0.767635304304       0.001326275772
     -0.766964739010       0.003066175438
     -0.766808920263       0.001732769329
     -0.766808550125       0.001730981089
     -0.766800954417       0.001695082211
     -0.766733584642       0.001431725136
     -0.765891315315       0.000486583058
     -0.760412420808       0.000091909326
     -0.751015580715       0.000038437425
     -0.738776410673       0.000037266237
     -0.738743180301       0.000037825177
     -0.738743151388       0.000037825838
     -0.738743096415       0.000037827001
     -0.738742933703       0.000037829999
     -0.738742635660       0.000037834139
     -0.738742508883       0.000037837142
     -0.738742344057       0.000037836741
     -0.738742231956       0.000037837407
     -0.738739756235       0.000037848338
     -0.738733347857       0.000037867013
     -0.738720310395       0.000037895178
     -0.738622952108       0.000038052749
     -0.738539472113       0.000016113402
     -0.738384877202       0.000016188007
     -0.738384507054       0.000016188220
     -0.738376911250       0.000016192605
     -0.738309541154       0.000016231587
     -0.738189631546       0.000038502957
     -0.737467270048       0.000016735214
     -0.736816085692       0.000039157774
     -0.733198014562       0.000039083319
     -0.731985955775       0.000020992241
     -0.722591505613       0.000037021877
     -0.709130549783       0.000363468625
     -0.708213646691       0.000216019013
     -0.708159209255       0.000210579363
     -0.708159165488       0.000210575099
     -0.708158799324       0.000210539439
     -0.708157659078       0.000210428468
     -0.708151771416       0.000209857330
     -0.708117529434       0.000206596080
     -0.708064553238       0.000201746019
     -0.707933031884       0.000190634025
     -0.707245109159       0.000147997335
     -0.704535422005       0.000078702129
     -0.696654852383       0.000034341276
     -0.695423240176       0.000032262467
     -0.693942402651       0.000030866652
     -0.693485264829       0.000031109116
     -0.692524041740       0.000002517480
     -0.692401457018       0.000002619400
     -0.692401068469       0.000002620021
     -0.692399068094       0.000002622771
     -0.692395293962       0.000002626900
     -0.692381373504       0.000002639019
     -0.692305192737       0.000002699756
     -0.692244722602       0.000002715256
     -0.692033085884       0.000002833994
     -0.691417625447       0.000032857848
     -0.691166753252       0.000003171630
     -0.690268716713       0.000035357421
     -0.689469299912       0.000035859443
     -0.688988359848       0.000035693067
     -0.688547151191       0.000015205800
     -0.687876841296       0.000004746927
     -0.687052512043       0.000034564065
     -0.681788330598       0.000031424741
     -0.675558706167       0.000037824251
     -0.673830154211       0.000044078733
     -0.673018434823       0.000047580530
     -0.672832772939       0.000048998822
     -0.672830963167       0.000049018117
     -0.672824639461       0.000049068612
     -0.672817097805       0.000049112376
     -0.672798205232       0.000049201494
     -0.672716020583       0.000049509316
     -0.672707643096       0.000049553776
     -0.672580670908       0.000050022132
     -0.672335131969       0.000051114440
     -0.671749045553       0.000051867617
     -0.671574309093       0.000055068693
     -0.670750188459       0.000052115665
     -0.669225726263       0.000025915940
     -0.666583866060       0.000052616539
     -0.663673678033       0.000077397968
     -0.661250176690       0.000046926811
     -0.660969818576       0.000044760983
     -0.660299254286       0.000040312301
     -0.659792159372       0.000037497387
     -0.658779862582       0.000032916263
     -0.658149598562       0.000027930653
     -0.657478200745       0.000028282920
     -0.654077334148       0.000021146923
     -0.653394561046       0.000021883565
     -0.653201743882       0.000019934357
     -0.647163702320       0.000016723976
     -0.647006613649       0.000015841540
     -0.646155433145       0.000001014037
     -0.645301562502       0.000015487454
     -0.644079977139       0.000014879108
     -0.643289193029       0.000001231553
     -0.642067456890       0.000004758486
     -0.641101123718       0.000017123883
     -0.640701090515       0.000014930634
     -0.640618767090       0.000018643827
     -0.638773152794       0.000004897309
     -0.638019805974       0.000005212748
     -0.636787787059       0.000005623411
     -0.636261300372       0.000014618189
     -0.635916956730       0.000016096969
     -0.633300561598       0.000011902977
     -0.631223966184       0.000008138160
     -0.629949078368       0.000008799455
     -0.629566129299       0.000010480438
     -0.627685153862       0.000009511421
     -0.626631526524       0.000015482869
     -0.623335019602       0.000014073386
     -0.621347551812       0.000010899045
     -0.616713801225       0.000011727575
     -0.616397415514       0.000012565104
     -0.613000522108       0.000011007198
     -0.611917058484       0.000014187076
     -0.610250390444       0.000015052501
     -0.609868048083       0.000015054803
     -0.609853554727       0.000015010117
     -0.609155354642       0.000015331743
     -0.609047208390       0.000015331241
     -0.608575923228       0.000015309849
     -0.607851051327       0.000015254491
     -0.607672754521       0.000015659083
     -0.607084595582       0.000015796084
     -0.599656423115       0.000011330446
     -0.598817184513       0.000013769807
     -0.597224607703       0.000029471585
     -0.597063635023       0.000019999565
     -0.591287655782       0.000012613537
     -0.587234791150       0.000015763743
     -0.584247003650       0.000012048458
     -0.583061798342       0.000011385680
     -0.580969863287       0.000009892064
     -0.578255934958       0.000008472424
     -0.576878820354       0.000009120247
     -0.575685199089       0.000008968517
     -0.574552716563       0.000008786126
     -0.564500795275       0.000004523246
     -0.563306899800       0.000007041254
     -0.561856965027       0.000006798433
     -0.561728656890       0.000007351475
     -0.560918731350       0.000006812986
     -0.559295522750       0.000006927866
     -0.557091259146       0.000005647753
     -0.556660806299       0.000007734008
     -0.554271378594       0.000007475045
     -0.552863602300       0.000007487012
     -0.552427283097       0.000004178463
     -0.550728630160       0.000007756897
     -0.548653896011       0.000004673899
     -0.548527730732       0.000004606224
     -0.546396001067       0.000004993213
     -0.545662326078       0.000006363768
     -0.543166908843       0.000005721640
     -0.542088329724       0.000006013770
     -0.529183119592       0.000013292796
     -0.513209841680       0.000006161198
     -0.512201513865       0.000005618882
     -0.510247724463       0.000005797208
     -0.509821232472       0.000007524505
     -0.509686203810       0.000007341039
     -0.505938857244       0.000007099017
     -0.505100148346       0.000007087332
     -0.504990231254       0.000007087286
     -0.504501169231       0.000007039705
     -0.503468416397       0.000006946520
     -0.503344203948       0.000006933075
     -0.502938751353       0.000006863380
     -0.501361322813       0.000006256800
     -0.500818575069       0.000006259086
     -0.500642177051       0.000006494777
     -0.479441306322       0.000004313683
     -0.473098378002       0.000004208343
     -0.465739603163       0.000003614781
     -0.458874822046       0.000002533383
     -0.451733935488       0.000003359645
     -0.449407360218       0.000003486750
     -0.444019690388       0.000001698732
     -0.441041173624       0.000001584056
     -0.439637926990       0.000003579166
     -0.437994807172       0.000003325600
     -0.435209020921       0.000003828783
     -0.433940022117       0.000002492922
     -0.429179850043       0.000002448352
     -0.428870398770       0.000003174731
     -0.427202539214       0.000002409801
     -0.427059028181       0.000002375318
     -0.426635968514       0.000002420267
     -0.425608685299       0.000002428627
     -0.421025644689       0.000002452737
     -0.419798944542       0.000002734410
     -0.417896114394       0.000002500580
     -0.413711473158       0.000002681741
     -0.413075178180       0.000002008446
     -0.402989407165       0.000002406657
     -0.386845799654       0.000004331204
     -0.384363517397       0.000005099870
     -0.383803399483       0.000002854407
     -0.356822588214       0.000002817539
     -0.350394266091       0.000003274503
     -0.342805591060       0.000002979999
     -0.342147926413       0.000002986410
     -0.339961266710       0.000002851959
     -0.338125699054       0.000002767942
     -0.337422292801       0.000002713263
     -0.335239769825       0.000002584745
     -0.334467065508       0.000002594070
     -0.334304516606       0.000002567218
     -0.334264602936       0.000002556714
     -0.332396968466       0.000002056301
     -0.324977789959       0.000001729466
     -0.315725715776       0.000001872641
     -0.311694004999       0.000001681252
     -0.296041528003       0.000001695781
     -0.282537088779       0.000001240373
     -0.281857683670       0.000000757762
     -0.253337802626       0.000000399321
     -0.246418424459       0.000001134133
     -0.243784468173       0.000000361343
     -0.237930981940       0.000000936054
     -0.237810708567       0.000001061015
     -0.230212071208       0.000001014819
     -0.222011807829       0.000000647915
     -0.217685381168       0.000000569063
     -0.212650770179       0.000000738537
     -0.210990327762       0.000000495857
     -0.208839488666       0.000000593725
     -0.208223765035       0.000000951097
     -0.207174587623       0.000000581113
     -0.206302968077       0.000000585997
     -0.205241894790       0.000000590743
     -0.186142495098       0.000000667412
     -0.185500936093       0.000000607853
     -0.182837050151       0.000000552678
     -0.157418272629       0.000000828810
     -0.148325198079       0.000000796699
     -0.145479591728       0.000001073231
     -0.120515419739       0.000000694705
     -0.106915841129       0.000002659051
     -0.094479178074       0.000000524370
     -0.093295124668       0.000001266756
     -0.085226458234       0.000000918958
     -0.080652307711       0.000000941701
     -0.062058960864       0.000000732067
     -0.056931138292       0.000000670968
     -0.051786611358       0.000000624054
     -0.050833794956       0.000000617213
     -0.050422374278       0.000000613194
     -0.043049456104       0.000000550565
     -0.042733410341       0.000000552585
     -0.033404598964       0.000000210414
      0.042932367866       0.000000253700
      0.052852804229       0.000000256451
      0.058957075594       0.000000043307
      0.059698270202       0.000000078498
      0.076150100465       0.000000234282
      0.112181665452       0.000000193177
      0.112659895611       0.000000196869
      0.125337433221       0.000000162374
      0.133939937371       0.000000168829
      0.138347589637       0.000000018736
      0.148723762228       0.000000218009
      0.153020942001       0.000000054961
      0.154110529173       0.000000063333
      0.173421001642       0.000000040024
      0.177458934111       0.000000036989
      0.178811650400       0.000000038920
      0.186278164086       0.000000037297
      0.186898948711       0.000000036569
      0.188380523889       0.000000037976
      0.238049745674       0.000000039275
      0.268342529831       0.000000052063
      0.278257351958       0.000000054629
      0.307253817695       0.000000098672
      0.369476366665       0.000000160172
      0.387082530343       0.000000035400
      0.392573391460       0.000000087543
      0.507563892590       0.000000026102
      0.507783274463       0.000000026036
      0.537126977619       0.000000041826
      0.589702467329       0.000000017352
      0.636010183315       0.000000014269
      0.637331381519       0.000000014527
      0.656901835917       0.000000013881
      0.659099246710       0.000000013479
      0.701186502565       0.000000001268
      0.745969706278       0.000000016647
      0.776696582446       0.000000015033
      0.793096130946       0.000000014551
      0.793886246930       0.000000014814
      0.795507173211       0.000000014235
      0.797570985122       0.000000014306
      0.799720608990       0.000000013803
      0.806749866953       0.000000013094
      0.813075649416       0.000000014063
      0.868688085741       0.000000000440
      0.894144253959       0.000000136943
      0.918454110064       0.000000009492
      0.958354150716       0.000000007825
      1.040206968504       0.000000010783
      1.084951465861       0.000000013644
      1.087997254632       0.000000013879
      1.109656603567       0.000000015950
      1.112146491408       0.000000015765
      1.128650391575       0.000000018353
      1.160686437981       0.000000024592
      1.296857665870       0.000000053082
      1.319593655622       0.000000030622
      1.453155460706       0.000000010578
      1.521505542688       0.000000022935
      1.636356908603       0.000000005714
      1.671122658424       0.000000005196
      1.776088760270       0.000000011696
      1.853738257196       0.000000003692
      1.947176328403       0.000000003212
      1.991960236565       0.000000003027
      1.995657852991       0.000000010086
      2.003931146603       0.000000002977
      2.008829607353       0.000000002950
      2.011836283119       0.000000002914
      2.084163770333       0.000000000115
      2.095387761516       0.000000009985
      2.144153716983       0.000000003708
      2.192482430451       0.000000010042
      2.201629582947       0.000000009468
      2.206079263150       0.000000009877
      2.210837880899       0.000000009923
      2.212881520643       0.000000010072
      2.219086776417       0.000000010078
      2.230836503432       0.000000010057
      2.416530778009       0.000000009854
      2.598649625581       0.000000012979
      2.647333225271       0.000000014192
      2.815552824972       0.000000020887
      2.908833339078       0.000000028241
      2.953410190111       0.000000033914
      2.965192880332       0.000000035809
      2.969875451848       0.000000036622
      2.972456040049       0.000000037087
      2.974736351123       0.000000037508
      3.118771123333       0.000000101423
      3.239365697356       0.000000090590
      3.295817492839       0.000000056495
      3.338066139266       0.000000043388
      3.377770651258       0.000000035495
      3.404336675459       0.000000031616
      3.442814739460       0.000000027274
      3.466136336127       0.000000025158
      3.479290674851       0.000000024089
      3.482737926404       0.000000023820
      3.483960473913       0.000000023725
      3.484531615882       0.000000023681
      3.484904723329       0.000000023652
