 -0.6924014570178319   0.0000026194004851
 -0.6728327729392287   0.0000489988217354
 -0.6612501766896394   0.0000469268111945
 -0.6461554331453903   0.0000010140367308
 -0.6295661292985066   0.0000104804377956
 -0.6090472083899139   0.0000153312414572
 -0.5830617983424454   0.0000113856797948
 -0.5485277307324134   0.0000046062236185
 -0.5049902312542671   0.0000070872859497
 -0.4588748220463678   0.0000025333825084
 -0.4029894071651872   0.0000024066566756
 -0.3381256990541527   0.0000027679421589
 -0.2533378026262273   0.0000003993206221
 -0.1574182726294915   0.0000008288100615
 -0.0504223742782515   0.0000006131939144
  0.1383475896372811   0.0000000187356180
  0.3072538176948462   0.0000000986721713
  0.6360101833145697   0.0000000142687649
  1.0849514658611895   0.0000000136444014
  1.3195936556218309   0.0000000306222404
  2.0841637703325699   0.0000000001146076
  2.9747363511232752   0.0000000375078130
  3.4849047233293141   0.0000000236518977
