468 0.000000000000001
 ci_nexne_final 
10 10
468
2
0.70710678118654746  a  1  2  3  4  5  6  7  8  9 10  b  1  2  3  4  5  6  7  8  9 23
0.70710678118654746  a  1  2  3  4  5  6  7  8  9 23  b  1  2  3  4  5  6  7  8  9 10
2
0.70710678118654746  a  1  2  3  4  5  6  7  8  9 10  b  1  2  3  4  5  6  7  8  9 24
0.70710678118654746  a  1  2  3  4  5  6  7  8  9 24  b  1  2  3  4  5  6  7  8  9 10
2
0.70710678118654746  a  1  2  3  4  5  6  7  8  9 10  b  1  2  3  4  5  6  7  8  9 25
0.70710678118654746  a  1  2  3  4  5  6  7  8  9 25  b  1  2  3  4  5  6  7  8  9 10
2
0.70710678118654746  a  1  2  3  4  5  6  7  8  9 10  b  1  2  3  4  5  6  7  8  9 26
0.70710678118654746  a  1  2  3  4  5  6  7  8  9 26  b  1  2  3  4  5  6  7  8  9 10
2
0.70710678118654746  a  1  2  3  4  5  6  7  8  9 10  b  1  2  3  4  5  6  7  8  9 27
0.70710678118654746  a  1  2  3  4  5  6  7  8  9 27  b  1  2  3  4  5  6  7  8  9 10
2
0.70710678118654746  a  1  2  3  4  5  6  7  8  9 10  b  1  2  3  4  5  6  7  8  9 28
0.70710678118654746  a  1  2  3  4  5  6  7  8  9 28  b  1  2  3  4  5  6  7  8  9 10
2
0.70710678118654746  a  1  2  3  4  5  6  7  8  9 10  b  1  2  3  4  5  6  7  8  9 29
0.70710678118654746  a  1  2  3  4  5  6  7  8  9 29  b  1  2  3  4  5  6  7  8  9 10
2
0.70710678118654746  a  1  2  3  4  5  6  7  8  9 10  b  1  2  3  4  5  6  7  8  9 30
0.70710678118654746  a  1  2  3  4  5  6  7  8  9 30  b  1  2  3  4  5  6  7  8  9 10
2
0.70710678118654746  a  1  2  3  4  5  6  7  8  9 10  b  1  2  3  4  5  6  7  8  9 31
0.70710678118654746  a  1  2  3  4  5  6  7  8  9 31  b  1  2  3  4  5  6  7  8  9 10
2
0.70710678118654746  a  1  2  3  4  5  6  7  8  9 10  b  1  2  3  4  5  6  7  8  9 32
0.70710678118654746  a  1  2  3  4  5  6  7  8  9 32  b  1  2  3  4  5  6  7  8  9 10
2
0.70710678118654746  a  1  2  3  4  5  6  7  8  9 10  b  1  2  3  4  5  6  7  8  9 33
0.70710678118654746  a  1  2  3  4  5  6  7  8  9 33  b  1  2  3  4  5  6  7  8  9 10
2
0.70710678118654746  a  1  2  3  4  5  6  7  8  9 10  b  1  2  3  4  5  6  7  8  9 34
0.70710678118654746  a  1  2  3  4  5  6  7  8  9 34  b  1  2  3  4  5  6  7  8  9 10
2
0.70710678118654746  a  1  2  3  4  5  6  7  8  9 10  b  1  2  3  4  5  6  7  8  9 35
0.70710678118654746  a  1  2  3  4  5  6  7  8  9 35  b  1  2  3  4  5  6  7  8  9 10
2
0.70710678118654746  a  1  2  3  4  5  6  7  8  9 10  b  1  2  3  4  5  6  7  8  9 36
0.70710678118654746  a  1  2  3  4  5  6  7  8  9 36  b  1  2  3  4  5  6  7  8  9 10
2
0.70710678118654746  a  1  2  3  4  5  6  7  8  9 10  b  1  2  3  4  5  6  7  8  9 37
0.70710678118654746  a  1  2  3  4  5  6  7  8  9 37  b  1  2  3  4  5  6  7  8  9 10
2
0.70710678118654746  a  1  2  3  4  5  6  7  8  9 10  b  1  2  3  4  5  6  7  8  9 38
0.70710678118654746  a  1  2  3  4  5  6  7  8  9 38  b  1  2  3  4  5  6  7  8  9 10
2
0.70710678118654746  a  1  2  3  4  5  6  7  8  9 10  b  1  2  3  4  5  6  7  8  9 39
0.70710678118654746  a  1  2  3  4  5  6  7  8  9 39  b  1  2  3  4  5  6  7  8  9 10
2
0.70710678118654746  a  1  2  3  4  5  6  7  8  9 10  b  1  2  3  4  5  6  7  8  9 40
0.70710678118654746  a  1  2  3  4  5  6  7  8  9 40  b  1  2  3  4  5  6  7  8  9 10
2
0.70710678118654746  a  1  2  3  4  5  6  7  8  9 10  b  1  2  3  4  5  6  7  8  9 41
0.70710678118654746  a  1  2  3  4  5  6  7  8  9 41  b  1  2  3  4  5  6  7  8  9 10
2
0.70710678118654746  a  1  2  3  4  5  6  7  8  9 10  b  1  2  3  4  5  6  7  8  9 42
0.70710678118654746  a  1  2  3  4  5  6  7  8  9 42  b  1  2  3  4  5  6  7  8  9 10
2
0.70710678118654746  a  1  2  3  4  5  6  7  8  9 10  b  1  2  3  4  5  6  7  8  9 43
0.70710678118654746  a  1  2  3  4  5  6  7  8  9 43  b  1  2  3  4  5  6  7  8  9 10
2
0.70710678118654746  a  1  2  3  4  5  6  7  8  9 10  b  1  2  3  4  5  6  7  8  9 44
0.70710678118654746  a  1  2  3  4  5  6  7  8  9 44  b  1  2  3  4  5  6  7  8  9 10
2
0.70710678118654746  a  1  2  3  4  5  6  7  8  9 10  b  1  2  3  4  5  6  7  8  9 45
0.70710678118654746  a  1  2  3  4  5  6  7  8  9 45  b  1  2  3  4  5  6  7  8  9 10
2
0.70710678118654746  a  1  2  3  4  5  6  7  8  9 10  b  1  2  3  4  5  6  7  8  9 46
0.70710678118654746  a  1  2  3  4  5  6  7  8  9 46  b  1  2  3  4  5  6  7  8  9 10
2
0.70710678118654746  a  1  2  3  4  5  6  7  8  9 10  b  1  2  3  4  5  6  7  8  9 47
0.70710678118654746  a  1  2  3  4  5  6  7  8  9 47  b  1  2  3  4  5  6  7  8  9 10
2
0.70710678118654746  a  1  2  3  4  5  6  7  8  9 10  b  1  2  3  4  5  6  7  8  9 48
0.70710678118654746  a  1  2  3  4  5  6  7  8  9 48  b  1  2  3  4  5  6  7  8  9 10
2
0.70710678118654746  a  1  2  3  4  5  6  7  8  9 10  b  1  2  3  4  5  6  7  8  9 49
0.70710678118654746  a  1  2  3  4  5  6  7  8  9 49  b  1  2  3  4  5  6  7  8  9 10
2
0.70710678118654746  a  1  2  3  4  5  6  7  8  9 10  b  1  2  3  4  5  6  7  8  9 50
0.70710678118654746  a  1  2  3  4  5  6  7  8  9 50  b  1  2  3  4  5  6  7  8  9 10
2
0.70710678118654746  a  1  2  3  4  5  6  7  8  9 10  b  1  2  3  4  5  6  7  8  9 51
0.70710678118654746  a  1  2  3  4  5  6  7  8  9 51  b  1  2  3  4  5  6  7  8  9 10
2
0.70710678118654746  a  1  2  3  4  5  6  7  8  9 10  b  1  2  3  4  5  6  7  8  9 52
0.70710678118654746  a  1  2  3  4  5  6  7  8  9 52  b  1  2  3  4  5  6  7  8  9 10
2
0.70710678118654746  a  1  2  3  4  5  6  7  8  9 10  b  1  2  3  4  5  6  7  8  9 53
0.70710678118654746  a  1  2  3  4  5  6  7  8  9 53  b  1  2  3  4  5  6  7  8  9 10
2
0.70710678118654746  a  1  2  3  4  5  6  7  8  9 10  b  1  2  3  4  5  6  7  8  9 54
0.70710678118654746  a  1  2  3  4  5  6  7  8  9 54  b  1  2  3  4  5  6  7  8  9 10
2
0.70710678118654746  a  1  2  3  4  5  6  7  8  9 10  b  1  2  3  4  5  6  7  8  9 55
0.70710678118654746  a  1  2  3  4  5  6  7  8  9 55  b  1  2  3  4  5  6  7  8  9 10
2
0.70710678118654746  a  1  2  3  4  5  6  7  8  9 10  b  1  2  3  4  5  6  7  8  9 56
0.70710678118654746  a  1  2  3  4  5  6  7  8  9 56  b  1  2  3  4  5  6  7  8  9 10
2
0.70710678118654746  a  1  2  3  4  5  6  7  8  9 10  b  1  2  3  4  5  6  7  8  9 57
0.70710678118654746  a  1  2  3  4  5  6  7  8  9 57  b  1  2  3  4  5  6  7  8  9 10
2
0.70710678118654746  a  1  2  3  4  5  6  7  8  9 10  b  1  2  3  4  5  6  7  8  9 58
0.70710678118654746  a  1  2  3  4  5  6  7  8  9 58  b  1  2  3  4  5  6  7  8  9 10
2
0.70710678118654746  a  1  2  3  4  5  6  7  8  9 10  b  1  2  3  4  5  6  7  8  9 59
0.70710678118654746  a  1  2  3  4  5  6  7  8  9 59  b  1  2  3  4  5  6  7  8  9 10
2
0.70710678118654746  a  1  2  3  4  5  6  7  8  9 10  b  1  2  3  4  5  6  7  8  9 60
0.70710678118654746  a  1  2  3  4  5  6  7  8  9 60  b  1  2  3  4  5  6  7  8  9 10
2
0.70710678118654746  a  1  2  3  4  5  6  7  8  9 10  b  1  2  3  4  5  6  7  8  9 61
0.70710678118654746  a  1  2  3  4  5  6  7  8  9 61  b  1  2  3  4  5  6  7  8  9 10
2
0.70710678118654746  a  1  2  3  4  5  6  7  8  9 10  b  1  2  3  4  5  6  7  8  9 62
0.70710678118654746  a  1  2  3  4  5  6  7  8  9 62  b  1  2  3  4  5  6  7  8  9 10
2
0.70710678118654746  a  1  2  3  4  5  6  7  8  9 10  b  1  2  3  4  5  6  7  8  9 63
0.70710678118654746  a  1  2  3  4  5  6  7  8  9 63  b  1  2  3  4  5  6  7  8  9 10
2
0.70710678118654746  a  1  2  3  4  5  6  7  8  9 10  b  1  2  3  4  5  6  7  8  9 64
0.70710678118654746  a  1  2  3  4  5  6  7  8  9 64  b  1  2  3  4  5  6  7  8  9 10
2
0.70710678118654746  a  1  2  3  4  5  6  7  8  9 10  b  1  2  3  4  5  6  7  8  9 65
0.70710678118654746  a  1  2  3  4  5  6  7  8  9 65  b  1  2  3  4  5  6  7  8  9 10
2
0.70710678118654746  a  1  2  3  4  5  6  7  8  9 10  b  1  2  3  4  5  6  7  8  9 66
0.70710678118654746  a  1  2  3  4  5  6  7  8  9 66  b  1  2  3  4  5  6  7  8  9 10
2
0.70710678118654746  a  1  2  3  4  5  6  7  8  9 10  b  1  2  3  4  5  6  7  8  9 67
0.70710678118654746  a  1  2  3  4  5  6  7  8  9 67  b  1  2  3  4  5  6  7  8  9 10
2
0.70710678118654746  a  1  2  3  4  5  6  7  8  9 10  b  1  2  3  4  5  6  7  8  9 68
0.70710678118654746  a  1  2  3  4  5  6  7  8  9 68  b  1  2  3  4  5  6  7  8  9 10
2
0.70710678118654746  a  1  2  3  4  5  6  7  8  9 10  b  1  2  3  4  5  6  7  8  9 69
0.70710678118654746  a  1  2  3  4  5  6  7  8  9 69  b  1  2  3  4  5  6  7  8  9 10
2
0.70710678118654746  a  1  2  3  4  5  6  7  8  9 10  b  1  2  3  4  5  6  7  8  9 70
0.70710678118654746  a  1  2  3  4  5  6  7  8  9 70  b  1  2  3  4  5  6  7  8  9 10
2
0.70710678118654746  a  1  2  3  4  5  6  7  8  9 10  b  1  2  3  4  5  6  7  8  9 71
0.70710678118654746  a  1  2  3  4  5  6  7  8  9 71  b  1  2  3  4  5  6  7  8  9 10
2
0.70710678118654746  a  1  2  3  4  5  6  7  8  9 10  b  1  2  3  4  5  6  7  8  9 72
0.70710678118654746  a  1  2  3  4  5  6  7  8  9 72  b  1  2  3  4  5  6  7  8  9 10
2
0.70710678118654746  a  1  2  3  4  5  6  7  8  9 10  b  1  2  3  4  5  6  7  8  9 73
0.70710678118654746  a  1  2  3  4  5  6  7  8  9 73  b  1  2  3  4  5  6  7  8  9 10
2
0.70710678118654746  a  1  2  3  4  5  6  7  8  9 10  b  1  2  3  4  5  6  7  8  9 74
0.70710678118654746  a  1  2  3  4  5  6  7  8  9 74  b  1  2  3  4  5  6  7  8  9 10
2
0.70710678118654746  a  1  2  3  4  5  6  7  8  9 10  b  1  2  3  4  5  6  7  8  9 75
0.70710678118654746  a  1  2  3  4  5  6  7  8  9 75  b  1  2  3  4  5  6  7  8  9 10
2
0.70710678118654746  a  1  2  3  4  5  6  7  8  9 10  b  1  2  3  4  5  6  7  8  9 76
0.70710678118654746  a  1  2  3  4  5  6  7  8  9 76  b  1  2  3  4  5  6  7  8  9 10
2
0.70710678118654746  a  1  2  3  4  5  6  7  8  9 10  b  1  2  3  4  5  6  7  8  9 77
0.70710678118654746  a  1  2  3  4  5  6  7  8  9 77  b  1  2  3  4  5  6  7  8  9 10
2
0.70710678118654746  a  1  2  3  4  5  6  7  8  9 10  b  1  2  3  4  5  6  7  8  9 78
0.70710678118654746  a  1  2  3  4  5  6  7  8  9 78  b  1  2  3  4  5  6  7  8  9 10
2
0.70710678118654746  a  1  2  3  4  5  6  7  8  9 10  b  1  2  3  4  5  6  7  8  9 79
0.70710678118654746  a  1  2  3  4  5  6  7  8  9 79  b  1  2  3  4  5  6  7  8  9 10
2
0.70710678118654746  a  1  2  3  4  5  6  7  8  9 10  b  1  2  3  4  5  6  7  8  9 80
0.70710678118654746  a  1  2  3  4  5  6  7  8  9 80  b  1  2  3  4  5  6  7  8  9 10
2
0.70710678118654746  a  1  2  3  4  5  6  7  8  9 10  b  1  2  3  4  5  6  7  8  9 81
0.70710678118654746  a  1  2  3  4  5  6  7  8  9 81  b  1  2  3  4  5  6  7  8  9 10
2
0.70710678118654746  a  1  2  3  4  5  6  7  8  9 10  b  1  2  3  4  5  6  7  8  9 82
0.70710678118654746  a  1  2  3  4  5  6  7  8  9 82  b  1  2  3  4  5  6  7  8  9 10
2
0.70710678118654746  a  1  2  3  4  5  6  7  8  9 10  b  1  2  3  4  5  6  7  8  9 83
0.70710678118654746  a  1  2  3  4  5  6  7  8  9 83  b  1  2  3  4  5  6  7  8  9 10
2
0.70710678118654746  a  1  2  3  4  5  6  7  8  9 10  b  1  2  3  4  5  6  7  8  9 84
0.70710678118654746  a  1  2  3  4  5  6  7  8  9 84  b  1  2  3  4  5  6  7  8  9 10
2
0.70710678118654746  a  1  2  3  4  5  6  7  8  9 10  b  1  2  3  4  5  6  7  8  9 85
0.70710678118654746  a  1  2  3  4  5  6  7  8  9 85  b  1  2  3  4  5  6  7  8  9 10
2
0.70710678118654746  a  1  2  3  4  5  6  7  8  9 10  b  1  2  3  4  5  6  7  8  9 86
0.70710678118654746  a  1  2  3  4  5  6  7  8  9 86  b  1  2  3  4  5  6  7  8  9 10
2
0.70710678118654746  a  1  2  3  4  5  6  7  8  9 10  b  1  2  3  4  5  6  7  8  9 87
0.70710678118654746  a  1  2  3  4  5  6  7  8  9 87  b  1  2  3  4  5  6  7  8  9 10
2
0.70710678118654746  a  1  2  3  4  5  6  7  8  9 10  b  1  2  3  4  5  6  7  8  9 88
0.70710678118654746  a  1  2  3  4  5  6  7  8  9 88  b  1  2  3  4  5  6  7  8  9 10
2
0.70710678118654746  a  1  2  3  4  5  6  7  8  9 10  b  1  2  3  4  5  6  7  8  9 89
0.70710678118654746  a  1  2  3  4  5  6  7  8  9 89  b  1  2  3  4  5  6  7  8  9 10
2
0.70710678118654746  a  1  2  3  4  5  6  7  8  9 10  b  1  2  3  4  5  6  7  8  9 90
0.70710678118654746  a  1  2  3  4  5  6  7  8  9 90  b  1  2  3  4  5  6  7  8  9 10
2
0.70710678118654746  a  1  2  3  4  5  6  7  8  9 10  b  1  2  3  4  5  6  7  8  9 91
0.70710678118654746  a  1  2  3  4  5  6  7  8  9 91  b  1  2  3  4  5  6  7  8  9 10
2
0.70710678118654746  a  1  2  3  4  5  6  7  8  9 10  b  1  2  3  4  5  6  7  8  9 92
0.70710678118654746  a  1  2  3  4  5  6  7  8  9 92  b  1  2  3  4  5  6  7  8  9 10
2
0.70710678118654746  a  1  2  3  4  5  6  7  8  9 10  b  1  2  3  4  5  6  7  8  9 93
0.70710678118654746  a  1  2  3  4  5  6  7  8  9 93  b  1  2  3  4  5  6  7  8  9 10
2
0.70710678118654746  a  1  2  3  4  5  6  7  8  9 10  b  1  2  3  4  5  6  7  8  9 94
0.70710678118654746  a  1  2  3  4  5  6  7  8  9 94  b  1  2  3  4  5  6  7  8  9 10
2
0.70710678118654746  a  1  2  3  4  5  6  7  8  9 10  b  1  2  3  4  5  6  7  8  9 95
0.70710678118654746  a  1  2  3  4  5  6  7  8  9 95  b  1  2  3  4  5  6  7  8  9 10
2
0.70710678118654746  a  1  2  3  4  5  6  7  8  9 10  b  1  2  3  4  5  6  7  8  9 96
0.70710678118654746  a  1  2  3  4  5  6  7  8  9 96  b  1  2  3  4  5  6  7  8  9 10
2
0.70710678118654746  a  1  2  3  4  5  6  7  8  9 10  b  1  2  3  4  5  6  7  8  9 97
0.70710678118654746  a  1  2  3  4  5  6  7  8  9 97  b  1  2  3  4  5  6  7  8  9 10
2
0.70710678118654746  a  1  2  3  4  5  6  7  8  9 10  b  1  2  3  4  5  6  7  8  9 98
0.70710678118654746  a  1  2  3  4  5  6  7  8  9 98  b  1  2  3  4  5  6  7  8  9 10
2
0.70710678118654746  a  1  2  3  4  5  6  7  8  9 10  b  1  2  3  4  5  6  7  8  9 99
0.70710678118654746  a  1  2  3  4  5  6  7  8  9 99  b  1  2  3  4  5  6  7  8  9 10
2
0.70710678118654746  a  1  2  3  4  5  6  7  8  9 10  b  1  2  3  4  5  6  7  8  9 100
0.70710678118654746  a  1  2  3  4  5  6  7  8  9 100  b  1  2  3  4  5  6  7  8  9 10
2
0.70710678118654746  a  1  2  3  4  5  6  7  8  10 9  b  1  2  3  4  5  6  7  8  10 23
0.70710678118654746  a  1  2  3  4  5  6  7  8  10 23  b  1  2  3  4  5  6  7  8  10 9
2
0.70710678118654746  a  1  2  3  4  5  6  7  8  10 9  b  1  2  3  4  5  6  7  8  10 24
0.70710678118654746  a  1  2  3  4  5  6  7  8  10 24  b  1  2  3  4  5  6  7  8  10 9
2
0.70710678118654746  a  1  2  3  4  5  6  7  8  10 9  b  1  2  3  4  5  6  7  8  10 25
0.70710678118654746  a  1  2  3  4  5  6  7  8  10 25  b  1  2  3  4  5  6  7  8  10 9
2
0.70710678118654746  a  1  2  3  4  5  6  7  8  10 9  b  1  2  3  4  5  6  7  8  10 26
0.70710678118654746  a  1  2  3  4  5  6  7  8  10 26  b  1  2  3  4  5  6  7  8  10 9
2
0.70710678118654746  a  1  2  3  4  5  6  7  8  10 9  b  1  2  3  4  5  6  7  8  10 27
0.70710678118654746  a  1  2  3  4  5  6  7  8  10 27  b  1  2  3  4  5  6  7  8  10 9
2
0.70710678118654746  a  1  2  3  4  5  6  7  8  10 9  b  1  2  3  4  5  6  7  8  10 28
0.70710678118654746  a  1  2  3  4  5  6  7  8  10 28  b  1  2  3  4  5  6  7  8  10 9
2
0.70710678118654746  a  1  2  3  4  5  6  7  8  10 9  b  1  2  3  4  5  6  7  8  10 29
0.70710678118654746  a  1  2  3  4  5  6  7  8  10 29  b  1  2  3  4  5  6  7  8  10 9
2
0.70710678118654746  a  1  2  3  4  5  6  7  8  10 9  b  1  2  3  4  5  6  7  8  10 30
0.70710678118654746  a  1  2  3  4  5  6  7  8  10 30  b  1  2  3  4  5  6  7  8  10 9
2
0.70710678118654746  a  1  2  3  4  5  6  7  8  10 9  b  1  2  3  4  5  6  7  8  10 31
0.70710678118654746  a  1  2  3  4  5  6  7  8  10 31  b  1  2  3  4  5  6  7  8  10 9
2
0.70710678118654746  a  1  2  3  4  5  6  7  8  10 9  b  1  2  3  4  5  6  7  8  10 32
0.70710678118654746  a  1  2  3  4  5  6  7  8  10 32  b  1  2  3  4  5  6  7  8  10 9
2
0.70710678118654746  a  1  2  3  4  5  6  7  8  10 9  b  1  2  3  4  5  6  7  8  10 33
0.70710678118654746  a  1  2  3  4  5  6  7  8  10 33  b  1  2  3  4  5  6  7  8  10 9
2
0.70710678118654746  a  1  2  3  4  5  6  7  8  10 9  b  1  2  3  4  5  6  7  8  10 34
0.70710678118654746  a  1  2  3  4  5  6  7  8  10 34  b  1  2  3  4  5  6  7  8  10 9
2
0.70710678118654746  a  1  2  3  4  5  6  7  8  10 9  b  1  2  3  4  5  6  7  8  10 35
0.70710678118654746  a  1  2  3  4  5  6  7  8  10 35  b  1  2  3  4  5  6  7  8  10 9
2
0.70710678118654746  a  1  2  3  4  5  6  7  8  10 9  b  1  2  3  4  5  6  7  8  10 36
0.70710678118654746  a  1  2  3  4  5  6  7  8  10 36  b  1  2  3  4  5  6  7  8  10 9
2
0.70710678118654746  a  1  2  3  4  5  6  7  8  10 9  b  1  2  3  4  5  6  7  8  10 37
0.70710678118654746  a  1  2  3  4  5  6  7  8  10 37  b  1  2  3  4  5  6  7  8  10 9
2
0.70710678118654746  a  1  2  3  4  5  6  7  8  10 9  b  1  2  3  4  5  6  7  8  10 38
0.70710678118654746  a  1  2  3  4  5  6  7  8  10 38  b  1  2  3  4  5  6  7  8  10 9
2
0.70710678118654746  a  1  2  3  4  5  6  7  8  10 9  b  1  2  3  4  5  6  7  8  10 39
0.70710678118654746  a  1  2  3  4  5  6  7  8  10 39  b  1  2  3  4  5  6  7  8  10 9
2
0.70710678118654746  a  1  2  3  4  5  6  7  8  10 9  b  1  2  3  4  5  6  7  8  10 40
0.70710678118654746  a  1  2  3  4  5  6  7  8  10 40  b  1  2  3  4  5  6  7  8  10 9
2
0.70710678118654746  a  1  2  3  4  5  6  7  8  10 9  b  1  2  3  4  5  6  7  8  10 41
0.70710678118654746  a  1  2  3  4  5  6  7  8  10 41  b  1  2  3  4  5  6  7  8  10 9
2
0.70710678118654746  a  1  2  3  4  5  6  7  8  10 9  b  1  2  3  4  5  6  7  8  10 42
0.70710678118654746  a  1  2  3  4  5  6  7  8  10 42  b  1  2  3  4  5  6  7  8  10 9
2
0.70710678118654746  a  1  2  3  4  5  6  7  8  10 9  b  1  2  3  4  5  6  7  8  10 43
0.70710678118654746  a  1  2  3  4  5  6  7  8  10 43  b  1  2  3  4  5  6  7  8  10 9
2
0.70710678118654746  a  1  2  3  4  5  6  7  8  10 9  b  1  2  3  4  5  6  7  8  10 44
0.70710678118654746  a  1  2  3  4  5  6  7  8  10 44  b  1  2  3  4  5  6  7  8  10 9
2
0.70710678118654746  a  1  2  3  4  5  6  7  8  10 9  b  1  2  3  4  5  6  7  8  10 45
0.70710678118654746  a  1  2  3  4  5  6  7  8  10 45  b  1  2  3  4  5  6  7  8  10 9
2
0.70710678118654746  a  1  2  3  4  5  6  7  8  10 9  b  1  2  3  4  5  6  7  8  10 46
0.70710678118654746  a  1  2  3  4  5  6  7  8  10 46  b  1  2  3  4  5  6  7  8  10 9
2
0.70710678118654746  a  1  2  3  4  5  6  7  8  10 9  b  1  2  3  4  5  6  7  8  10 47
0.70710678118654746  a  1  2  3  4  5  6  7  8  10 47  b  1  2  3  4  5  6  7  8  10 9
2
0.70710678118654746  a  1  2  3  4  5  6  7  8  10 9  b  1  2  3  4  5  6  7  8  10 48
0.70710678118654746  a  1  2  3  4  5  6  7  8  10 48  b  1  2  3  4  5  6  7  8  10 9
2
0.70710678118654746  a  1  2  3  4  5  6  7  8  10 9  b  1  2  3  4  5  6  7  8  10 49
0.70710678118654746  a  1  2  3  4  5  6  7  8  10 49  b  1  2  3  4  5  6  7  8  10 9
2
0.70710678118654746  a  1  2  3  4  5  6  7  8  10 9  b  1  2  3  4  5  6  7  8  10 50
0.70710678118654746  a  1  2  3  4  5  6  7  8  10 50  b  1  2  3  4  5  6  7  8  10 9
2
0.70710678118654746  a  1  2  3  4  5  6  7  8  10 9  b  1  2  3  4  5  6  7  8  10 51
0.70710678118654746  a  1  2  3  4  5  6  7  8  10 51  b  1  2  3  4  5  6  7  8  10 9
2
0.70710678118654746  a  1  2  3  4  5  6  7  8  10 9  b  1  2  3  4  5  6  7  8  10 52
0.70710678118654746  a  1  2  3  4  5  6  7  8  10 52  b  1  2  3  4  5  6  7  8  10 9
2
0.70710678118654746  a  1  2  3  4  5  6  7  8  10 9  b  1  2  3  4  5  6  7  8  10 53
0.70710678118654746  a  1  2  3  4  5  6  7  8  10 53  b  1  2  3  4  5  6  7  8  10 9
2
0.70710678118654746  a  1  2  3  4  5  6  7  8  10 9  b  1  2  3  4  5  6  7  8  10 54
0.70710678118654746  a  1  2  3  4  5  6  7  8  10 54  b  1  2  3  4  5  6  7  8  10 9
2
0.70710678118654746  a  1  2  3  4  5  6  7  8  10 9  b  1  2  3  4  5  6  7  8  10 55
0.70710678118654746  a  1  2  3  4  5  6  7  8  10 55  b  1  2  3  4  5  6  7  8  10 9
2
0.70710678118654746  a  1  2  3  4  5  6  7  8  10 9  b  1  2  3  4  5  6  7  8  10 56
0.70710678118654746  a  1  2  3  4  5  6  7  8  10 56  b  1  2  3  4  5  6  7  8  10 9
2
0.70710678118654746  a  1  2  3  4  5  6  7  8  10 9  b  1  2  3  4  5  6  7  8  10 57
0.70710678118654746  a  1  2  3  4  5  6  7  8  10 57  b  1  2  3  4  5  6  7  8  10 9
2
0.70710678118654746  a  1  2  3  4  5  6  7  8  10 9  b  1  2  3  4  5  6  7  8  10 58
0.70710678118654746  a  1  2  3  4  5  6  7  8  10 58  b  1  2  3  4  5  6  7  8  10 9
2
0.70710678118654746  a  1  2  3  4  5  6  7  8  10 9  b  1  2  3  4  5  6  7  8  10 59
0.70710678118654746  a  1  2  3  4  5  6  7  8  10 59  b  1  2  3  4  5  6  7  8  10 9
2
0.70710678118654746  a  1  2  3  4  5  6  7  8  10 9  b  1  2  3  4  5  6  7  8  10 60
0.70710678118654746  a  1  2  3  4  5  6  7  8  10 60  b  1  2  3  4  5  6  7  8  10 9
2
0.70710678118654746  a  1  2  3  4  5  6  7  8  10 9  b  1  2  3  4  5  6  7  8  10 61
0.70710678118654746  a  1  2  3  4  5  6  7  8  10 61  b  1  2  3  4  5  6  7  8  10 9
2
0.70710678118654746  a  1  2  3  4  5  6  7  8  10 9  b  1  2  3  4  5  6  7  8  10 62
0.70710678118654746  a  1  2  3  4  5  6  7  8  10 62  b  1  2  3  4  5  6  7  8  10 9
2
0.70710678118654746  a  1  2  3  4  5  6  7  8  10 9  b  1  2  3  4  5  6  7  8  10 63
0.70710678118654746  a  1  2  3  4  5  6  7  8  10 63  b  1  2  3  4  5  6  7  8  10 9
2
0.70710678118654746  a  1  2  3  4  5  6  7  8  10 9  b  1  2  3  4  5  6  7  8  10 64
0.70710678118654746  a  1  2  3  4  5  6  7  8  10 64  b  1  2  3  4  5  6  7  8  10 9
2
0.70710678118654746  a  1  2  3  4  5  6  7  8  10 9  b  1  2  3  4  5  6  7  8  10 65
0.70710678118654746  a  1  2  3  4  5  6  7  8  10 65  b  1  2  3  4  5  6  7  8  10 9
2
0.70710678118654746  a  1  2  3  4  5  6  7  8  10 9  b  1  2  3  4  5  6  7  8  10 66
0.70710678118654746  a  1  2  3  4  5  6  7  8  10 66  b  1  2  3  4  5  6  7  8  10 9
2
0.70710678118654746  a  1  2  3  4  5  6  7  8  10 9  b  1  2  3  4  5  6  7  8  10 67
0.70710678118654746  a  1  2  3  4  5  6  7  8  10 67  b  1  2  3  4  5  6  7  8  10 9
2
0.70710678118654746  a  1  2  3  4  5  6  7  8  10 9  b  1  2  3  4  5  6  7  8  10 68
0.70710678118654746  a  1  2  3  4  5  6  7  8  10 68  b  1  2  3  4  5  6  7  8  10 9
2
0.70710678118654746  a  1  2  3  4  5  6  7  8  10 9  b  1  2  3  4  5  6  7  8  10 69
0.70710678118654746  a  1  2  3  4  5  6  7  8  10 69  b  1  2  3  4  5  6  7  8  10 9
2
0.70710678118654746  a  1  2  3  4  5  6  7  8  10 9  b  1  2  3  4  5  6  7  8  10 70
0.70710678118654746  a  1  2  3  4  5  6  7  8  10 70  b  1  2  3  4  5  6  7  8  10 9
2
0.70710678118654746  a  1  2  3  4  5  6  7  8  10 9  b  1  2  3  4  5  6  7  8  10 71
0.70710678118654746  a  1  2  3  4  5  6  7  8  10 71  b  1  2  3  4  5  6  7  8  10 9
2
0.70710678118654746  a  1  2  3  4  5  6  7  8  10 9  b  1  2  3  4  5  6  7  8  10 72
0.70710678118654746  a  1  2  3  4  5  6  7  8  10 72  b  1  2  3  4  5  6  7  8  10 9
2
0.70710678118654746  a  1  2  3  4  5  6  7  8  10 9  b  1  2  3  4  5  6  7  8  10 73
0.70710678118654746  a  1  2  3  4  5  6  7  8  10 73  b  1  2  3  4  5  6  7  8  10 9
2
0.70710678118654746  a  1  2  3  4  5  6  7  8  10 9  b  1  2  3  4  5  6  7  8  10 74
0.70710678118654746  a  1  2  3  4  5  6  7  8  10 74  b  1  2  3  4  5  6  7  8  10 9
2
0.70710678118654746  a  1  2  3  4  5  6  7  8  10 9  b  1  2  3  4  5  6  7  8  10 75
0.70710678118654746  a  1  2  3  4  5  6  7  8  10 75  b  1  2  3  4  5  6  7  8  10 9
2
0.70710678118654746  a  1  2  3  4  5  6  7  8  10 9  b  1  2  3  4  5  6  7  8  10 76
0.70710678118654746  a  1  2  3  4  5  6  7  8  10 76  b  1  2  3  4  5  6  7  8  10 9
2
0.70710678118654746  a  1  2  3  4  5  6  7  8  10 9  b  1  2  3  4  5  6  7  8  10 77
0.70710678118654746  a  1  2  3  4  5  6  7  8  10 77  b  1  2  3  4  5  6  7  8  10 9
2
0.70710678118654746  a  1  2  3  4  5  6  7  8  10 9  b  1  2  3  4  5  6  7  8  10 78
0.70710678118654746  a  1  2  3  4  5  6  7  8  10 78  b  1  2  3  4  5  6  7  8  10 9
2
0.70710678118654746  a  1  2  3  4  5  6  7  8  10 9  b  1  2  3  4  5  6  7  8  10 79
0.70710678118654746  a  1  2  3  4  5  6  7  8  10 79  b  1  2  3  4  5  6  7  8  10 9
2
0.70710678118654746  a  1  2  3  4  5  6  7  8  10 9  b  1  2  3  4  5  6  7  8  10 80
0.70710678118654746  a  1  2  3  4  5  6  7  8  10 80  b  1  2  3  4  5  6  7  8  10 9
2
0.70710678118654746  a  1  2  3  4  5  6  7  8  10 9  b  1  2  3  4  5  6  7  8  10 81
0.70710678118654746  a  1  2  3  4  5  6  7  8  10 81  b  1  2  3  4  5  6  7  8  10 9
2
0.70710678118654746  a  1  2  3  4  5  6  7  8  10 9  b  1  2  3  4  5  6  7  8  10 82
0.70710678118654746  a  1  2  3  4  5  6  7  8  10 82  b  1  2  3  4  5  6  7  8  10 9
2
0.70710678118654746  a  1  2  3  4  5  6  7  8  10 9  b  1  2  3  4  5  6  7  8  10 83
0.70710678118654746  a  1  2  3  4  5  6  7  8  10 83  b  1  2  3  4  5  6  7  8  10 9
2
0.70710678118654746  a  1  2  3  4  5  6  7  8  10 9  b  1  2  3  4  5  6  7  8  10 84
0.70710678118654746  a  1  2  3  4  5  6  7  8  10 84  b  1  2  3  4  5  6  7  8  10 9
2
0.70710678118654746  a  1  2  3  4  5  6  7  8  10 9  b  1  2  3  4  5  6  7  8  10 85
0.70710678118654746  a  1  2  3  4  5  6  7  8  10 85  b  1  2  3  4  5  6  7  8  10 9
2
0.70710678118654746  a  1  2  3  4  5  6  7  8  10 9  b  1  2  3  4  5  6  7  8  10 86
0.70710678118654746  a  1  2  3  4  5  6  7  8  10 86  b  1  2  3  4  5  6  7  8  10 9
2
0.70710678118654746  a  1  2  3  4  5  6  7  8  10 9  b  1  2  3  4  5  6  7  8  10 87
0.70710678118654746  a  1  2  3  4  5  6  7  8  10 87  b  1  2  3  4  5  6  7  8  10 9
2
0.70710678118654746  a  1  2  3  4  5  6  7  8  10 9  b  1  2  3  4  5  6  7  8  10 88
0.70710678118654746  a  1  2  3  4  5  6  7  8  10 88  b  1  2  3  4  5  6  7  8  10 9
2
0.70710678118654746  a  1  2  3  4  5  6  7  8  10 9  b  1  2  3  4  5  6  7  8  10 89
0.70710678118654746  a  1  2  3  4  5  6  7  8  10 89  b  1  2  3  4  5  6  7  8  10 9
2
0.70710678118654746  a  1  2  3  4  5  6  7  8  10 9  b  1  2  3  4  5  6  7  8  10 90
0.70710678118654746  a  1  2  3  4  5  6  7  8  10 90  b  1  2  3  4  5  6  7  8  10 9
2
0.70710678118654746  a  1  2  3  4  5  6  7  8  10 9  b  1  2  3  4  5  6  7  8  10 91
0.70710678118654746  a  1  2  3  4  5  6  7  8  10 91  b  1  2  3  4  5  6  7  8  10 9
2
0.70710678118654746  a  1  2  3  4  5  6  7  8  10 9  b  1  2  3  4  5  6  7  8  10 92
0.70710678118654746  a  1  2  3  4  5  6  7  8  10 92  b  1  2  3  4  5  6  7  8  10 9
2
0.70710678118654746  a  1  2  3  4  5  6  7  8  10 9  b  1  2  3  4  5  6  7  8  10 93
0.70710678118654746  a  1  2  3  4  5  6  7  8  10 93  b  1  2  3  4  5  6  7  8  10 9
2
0.70710678118654746  a  1  2  3  4  5  6  7  8  10 9  b  1  2  3  4  5  6  7  8  10 94
0.70710678118654746  a  1  2  3  4  5  6  7  8  10 94  b  1  2  3  4  5  6  7  8  10 9
2
0.70710678118654746  a  1  2  3  4  5  6  7  8  10 9  b  1  2  3  4  5  6  7  8  10 95
0.70710678118654746  a  1  2  3  4  5  6  7  8  10 95  b  1  2  3  4  5  6  7  8  10 9
2
0.70710678118654746  a  1  2  3  4  5  6  7  8  10 9  b  1  2  3  4  5  6  7  8  10 96
0.70710678118654746  a  1  2  3  4  5  6  7  8  10 96  b  1  2  3  4  5  6  7  8  10 9
2
0.70710678118654746  a  1  2  3  4  5  6  7  8  10 9  b  1  2  3  4  5  6  7  8  10 97
0.70710678118654746  a  1  2  3  4  5  6  7  8  10 97  b  1  2  3  4  5  6  7  8  10 9
2
0.70710678118654746  a  1  2  3  4  5  6  7  8  10 9  b  1  2  3  4  5  6  7  8  10 98
0.70710678118654746  a  1  2  3  4  5  6  7  8  10 98  b  1  2  3  4  5  6  7  8  10 9
2
0.70710678118654746  a  1  2  3  4  5  6  7  8  10 9  b  1  2  3  4  5  6  7  8  10 99
0.70710678118654746  a  1  2  3  4  5  6  7  8  10 99  b  1  2  3  4  5  6  7  8  10 9
2
0.70710678118654746  a  1  2  3  4  5  6  7  8  10 9  b  1  2  3  4  5  6  7  8  10 100
0.70710678118654746  a  1  2  3  4  5  6  7  8  10 100  b  1  2  3  4  5  6  7  8  10 9
2
0.70710678118654746  a  1  2  3  4  5  6  7  9  10 8  b  1  2  3  4  5  6  7  9  10 23
0.70710678118654746  a  1  2  3  4  5  6  7  9  10 23  b  1  2  3  4  5  6  7  9  10 8
2
0.70710678118654746  a  1  2  3  4  5  6  7  9  10 8  b  1  2  3  4  5  6  7  9  10 24
0.70710678118654746  a  1  2  3  4  5  6  7  9  10 24  b  1  2  3  4  5  6  7  9  10 8
2
0.70710678118654746  a  1  2  3  4  5  6  7  9  10 8  b  1  2  3  4  5  6  7  9  10 25
0.70710678118654746  a  1  2  3  4  5  6  7  9  10 25  b  1  2  3  4  5  6  7  9  10 8
2
0.70710678118654746  a  1  2  3  4  5  6  7  9  10 8  b  1  2  3  4  5  6  7  9  10 26
0.70710678118654746  a  1  2  3  4  5  6  7  9  10 26  b  1  2  3  4  5  6  7  9  10 8
2
0.70710678118654746  a  1  2  3  4  5  6  7  9  10 8  b  1  2  3  4  5  6  7  9  10 27
0.70710678118654746  a  1  2  3  4  5  6  7  9  10 27  b  1  2  3  4  5  6  7  9  10 8
2
0.70710678118654746  a  1  2  3  4  5  6  7  9  10 8  b  1  2  3  4  5  6  7  9  10 28
0.70710678118654746  a  1  2  3  4  5  6  7  9  10 28  b  1  2  3  4  5  6  7  9  10 8
2
0.70710678118654746  a  1  2  3  4  5  6  7  9  10 8  b  1  2  3  4  5  6  7  9  10 29
0.70710678118654746  a  1  2  3  4  5  6  7  9  10 29  b  1  2  3  4  5  6  7  9  10 8
2
0.70710678118654746  a  1  2  3  4  5  6  7  9  10 8  b  1  2  3  4  5  6  7  9  10 30
0.70710678118654746  a  1  2  3  4  5  6  7  9  10 30  b  1  2  3  4  5  6  7  9  10 8
2
0.70710678118654746  a  1  2  3  4  5  6  7  9  10 8  b  1  2  3  4  5  6  7  9  10 31
0.70710678118654746  a  1  2  3  4  5  6  7  9  10 31  b  1  2  3  4  5  6  7  9  10 8
2
0.70710678118654746  a  1  2  3  4  5  6  7  9  10 8  b  1  2  3  4  5  6  7  9  10 32
0.70710678118654746  a  1  2  3  4  5  6  7  9  10 32  b  1  2  3  4  5  6  7  9  10 8
2
0.70710678118654746  a  1  2  3  4  5  6  7  9  10 8  b  1  2  3  4  5  6  7  9  10 33
0.70710678118654746  a  1  2  3  4  5  6  7  9  10 33  b  1  2  3  4  5  6  7  9  10 8
2
0.70710678118654746  a  1  2  3  4  5  6  7  9  10 8  b  1  2  3  4  5  6  7  9  10 34
0.70710678118654746  a  1  2  3  4  5  6  7  9  10 34  b  1  2  3  4  5  6  7  9  10 8
2
0.70710678118654746  a  1  2  3  4  5  6  7  9  10 8  b  1  2  3  4  5  6  7  9  10 35
0.70710678118654746  a  1  2  3  4  5  6  7  9  10 35  b  1  2  3  4  5  6  7  9  10 8
2
0.70710678118654746  a  1  2  3  4  5  6  7  9  10 8  b  1  2  3  4  5  6  7  9  10 36
0.70710678118654746  a  1  2  3  4  5  6  7  9  10 36  b  1  2  3  4  5  6  7  9  10 8
2
0.70710678118654746  a  1  2  3  4  5  6  7  9  10 8  b  1  2  3  4  5  6  7  9  10 37
0.70710678118654746  a  1  2  3  4  5  6  7  9  10 37  b  1  2  3  4  5  6  7  9  10 8
2
0.70710678118654746  a  1  2  3  4  5  6  7  9  10 8  b  1  2  3  4  5  6  7  9  10 38
0.70710678118654746  a  1  2  3  4  5  6  7  9  10 38  b  1  2  3  4  5  6  7  9  10 8
2
0.70710678118654746  a  1  2  3  4  5  6  7  9  10 8  b  1  2  3  4  5  6  7  9  10 39
0.70710678118654746  a  1  2  3  4  5  6  7  9  10 39  b  1  2  3  4  5  6  7  9  10 8
2
0.70710678118654746  a  1  2  3  4  5  6  7  9  10 8  b  1  2  3  4  5  6  7  9  10 40
0.70710678118654746  a  1  2  3  4  5  6  7  9  10 40  b  1  2  3  4  5  6  7  9  10 8
2
0.70710678118654746  a  1  2  3  4  5  6  7  9  10 8  b  1  2  3  4  5  6  7  9  10 41
0.70710678118654746  a  1  2  3  4  5  6  7  9  10 41  b  1  2  3  4  5  6  7  9  10 8
2
0.70710678118654746  a  1  2  3  4  5  6  7  9  10 8  b  1  2  3  4  5  6  7  9  10 42
0.70710678118654746  a  1  2  3  4  5  6  7  9  10 42  b  1  2  3  4  5  6  7  9  10 8
2
0.70710678118654746  a  1  2  3  4  5  6  7  9  10 8  b  1  2  3  4  5  6  7  9  10 43
0.70710678118654746  a  1  2  3  4  5  6  7  9  10 43  b  1  2  3  4  5  6  7  9  10 8
2
0.70710678118654746  a  1  2  3  4  5  6  7  9  10 8  b  1  2  3  4  5  6  7  9  10 44
0.70710678118654746  a  1  2  3  4  5  6  7  9  10 44  b  1  2  3  4  5  6  7  9  10 8
2
0.70710678118654746  a  1  2  3  4  5  6  7  9  10 8  b  1  2  3  4  5  6  7  9  10 45
0.70710678118654746  a  1  2  3  4  5  6  7  9  10 45  b  1  2  3  4  5  6  7  9  10 8
2
0.70710678118654746  a  1  2  3  4  5  6  7  9  10 8  b  1  2  3  4  5  6  7  9  10 46
0.70710678118654746  a  1  2  3  4  5  6  7  9  10 46  b  1  2  3  4  5  6  7  9  10 8
2
0.70710678118654746  a  1  2  3  4  5  6  7  9  10 8  b  1  2  3  4  5  6  7  9  10 47
0.70710678118654746  a  1  2  3  4  5  6  7  9  10 47  b  1  2  3  4  5  6  7  9  10 8
2
0.70710678118654746  a  1  2  3  4  5  6  7  9  10 8  b  1  2  3  4  5  6  7  9  10 48
0.70710678118654746  a  1  2  3  4  5  6  7  9  10 48  b  1  2  3  4  5  6  7  9  10 8
2
0.70710678118654746  a  1  2  3  4  5  6  7  9  10 8  b  1  2  3  4  5  6  7  9  10 49
0.70710678118654746  a  1  2  3  4  5  6  7  9  10 49  b  1  2  3  4  5  6  7  9  10 8
2
0.70710678118654746  a  1  2  3  4  5  6  7  9  10 8  b  1  2  3  4  5  6  7  9  10 50
0.70710678118654746  a  1  2  3  4  5  6  7  9  10 50  b  1  2  3  4  5  6  7  9  10 8
2
0.70710678118654746  a  1  2  3  4  5  6  7  9  10 8  b  1  2  3  4  5  6  7  9  10 51
0.70710678118654746  a  1  2  3  4  5  6  7  9  10 51  b  1  2  3  4  5  6  7  9  10 8
2
0.70710678118654746  a  1  2  3  4  5  6  7  9  10 8  b  1  2  3  4  5  6  7  9  10 52
0.70710678118654746  a  1  2  3  4  5  6  7  9  10 52  b  1  2  3  4  5  6  7  9  10 8
2
0.70710678118654746  a  1  2  3  4  5  6  7  9  10 8  b  1  2  3  4  5  6  7  9  10 53
0.70710678118654746  a  1  2  3  4  5  6  7  9  10 53  b  1  2  3  4  5  6  7  9  10 8
2
0.70710678118654746  a  1  2  3  4  5  6  7  9  10 8  b  1  2  3  4  5  6  7  9  10 54
0.70710678118654746  a  1  2  3  4  5  6  7  9  10 54  b  1  2  3  4  5  6  7  9  10 8
2
0.70710678118654746  a  1  2  3  4  5  6  7  9  10 8  b  1  2  3  4  5  6  7  9  10 55
0.70710678118654746  a  1  2  3  4  5  6  7  9  10 55  b  1  2  3  4  5  6  7  9  10 8
2
0.70710678118654746  a  1  2  3  4  5  6  7  9  10 8  b  1  2  3  4  5  6  7  9  10 56
0.70710678118654746  a  1  2  3  4  5  6  7  9  10 56  b  1  2  3  4  5  6  7  9  10 8
2
0.70710678118654746  a  1  2  3  4  5  6  7  9  10 8  b  1  2  3  4  5  6  7  9  10 57
0.70710678118654746  a  1  2  3  4  5  6  7  9  10 57  b  1  2  3  4  5  6  7  9  10 8
2
0.70710678118654746  a  1  2  3  4  5  6  7  9  10 8  b  1  2  3  4  5  6  7  9  10 58
0.70710678118654746  a  1  2  3  4  5  6  7  9  10 58  b  1  2  3  4  5  6  7  9  10 8
2
0.70710678118654746  a  1  2  3  4  5  6  7  9  10 8  b  1  2  3  4  5  6  7  9  10 59
0.70710678118654746  a  1  2  3  4  5  6  7  9  10 59  b  1  2  3  4  5  6  7  9  10 8
2
0.70710678118654746  a  1  2  3  4  5  6  7  9  10 8  b  1  2  3  4  5  6  7  9  10 60
0.70710678118654746  a  1  2  3  4  5  6  7  9  10 60  b  1  2  3  4  5  6  7  9  10 8
2
0.70710678118654746  a  1  2  3  4  5  6  7  9  10 8  b  1  2  3  4  5  6  7  9  10 61
0.70710678118654746  a  1  2  3  4  5  6  7  9  10 61  b  1  2  3  4  5  6  7  9  10 8
2
0.70710678118654746  a  1  2  3  4  5  6  7  9  10 8  b  1  2  3  4  5  6  7  9  10 62
0.70710678118654746  a  1  2  3  4  5  6  7  9  10 62  b  1  2  3  4  5  6  7  9  10 8
2
0.70710678118654746  a  1  2  3  4  5  6  7  9  10 8  b  1  2  3  4  5  6  7  9  10 63
0.70710678118654746  a  1  2  3  4  5  6  7  9  10 63  b  1  2  3  4  5  6  7  9  10 8
2
0.70710678118654746  a  1  2  3  4  5  6  7  9  10 8  b  1  2  3  4  5  6  7  9  10 64
0.70710678118654746  a  1  2  3  4  5  6  7  9  10 64  b  1  2  3  4  5  6  7  9  10 8
2
0.70710678118654746  a  1  2  3  4  5  6  7  9  10 8  b  1  2  3  4  5  6  7  9  10 65
0.70710678118654746  a  1  2  3  4  5  6  7  9  10 65  b  1  2  3  4  5  6  7  9  10 8
2
0.70710678118654746  a  1  2  3  4  5  6  7  9  10 8  b  1  2  3  4  5  6  7  9  10 66
0.70710678118654746  a  1  2  3  4  5  6  7  9  10 66  b  1  2  3  4  5  6  7  9  10 8
2
0.70710678118654746  a  1  2  3  4  5  6  7  9  10 8  b  1  2  3  4  5  6  7  9  10 67
0.70710678118654746  a  1  2  3  4  5  6  7  9  10 67  b  1  2  3  4  5  6  7  9  10 8
2
0.70710678118654746  a  1  2  3  4  5  6  7  9  10 8  b  1  2  3  4  5  6  7  9  10 68
0.70710678118654746  a  1  2  3  4  5  6  7  9  10 68  b  1  2  3  4  5  6  7  9  10 8
2
0.70710678118654746  a  1  2  3  4  5  6  7  9  10 8  b  1  2  3  4  5  6  7  9  10 69
0.70710678118654746  a  1  2  3  4  5  6  7  9  10 69  b  1  2  3  4  5  6  7  9  10 8
2
0.70710678118654746  a  1  2  3  4  5  6  7  9  10 8  b  1  2  3  4  5  6  7  9  10 70
0.70710678118654746  a  1  2  3  4  5  6  7  9  10 70  b  1  2  3  4  5  6  7  9  10 8
2
0.70710678118654746  a  1  2  3  4  5  6  7  9  10 8  b  1  2  3  4  5  6  7  9  10 71
0.70710678118654746  a  1  2  3  4  5  6  7  9  10 71  b  1  2  3  4  5  6  7  9  10 8
2
0.70710678118654746  a  1  2  3  4  5  6  7  9  10 8  b  1  2  3  4  5  6  7  9  10 72
0.70710678118654746  a  1  2  3  4  5  6  7  9  10 72  b  1  2  3  4  5  6  7  9  10 8
2
0.70710678118654746  a  1  2  3  4  5  6  7  9  10 8  b  1  2  3  4  5  6  7  9  10 73
0.70710678118654746  a  1  2  3  4  5  6  7  9  10 73  b  1  2  3  4  5  6  7  9  10 8
2
0.70710678118654746  a  1  2  3  4  5  6  7  9  10 8  b  1  2  3  4  5  6  7  9  10 74
0.70710678118654746  a  1  2  3  4  5  6  7  9  10 74  b  1  2  3  4  5  6  7  9  10 8
2
0.70710678118654746  a  1  2  3  4  5  6  7  9  10 8  b  1  2  3  4  5  6  7  9  10 75
0.70710678118654746  a  1  2  3  4  5  6  7  9  10 75  b  1  2  3  4  5  6  7  9  10 8
2
0.70710678118654746  a  1  2  3  4  5  6  7  9  10 8  b  1  2  3  4  5  6  7  9  10 76
0.70710678118654746  a  1  2  3  4  5  6  7  9  10 76  b  1  2  3  4  5  6  7  9  10 8
2
0.70710678118654746  a  1  2  3  4  5  6  7  9  10 8  b  1  2  3  4  5  6  7  9  10 77
0.70710678118654746  a  1  2  3  4  5  6  7  9  10 77  b  1  2  3  4  5  6  7  9  10 8
2
0.70710678118654746  a  1  2  3  4  5  6  7  9  10 8  b  1  2  3  4  5  6  7  9  10 78
0.70710678118654746  a  1  2  3  4  5  6  7  9  10 78  b  1  2  3  4  5  6  7  9  10 8
2
0.70710678118654746  a  1  2  3  4  5  6  7  9  10 8  b  1  2  3  4  5  6  7  9  10 79
0.70710678118654746  a  1  2  3  4  5  6  7  9  10 79  b  1  2  3  4  5  6  7  9  10 8
2
0.70710678118654746  a  1  2  3  4  5  6  7  9  10 8  b  1  2  3  4  5  6  7  9  10 80
0.70710678118654746  a  1  2  3  4  5  6  7  9  10 80  b  1  2  3  4  5  6  7  9  10 8
2
0.70710678118654746  a  1  2  3  4  5  6  7  9  10 8  b  1  2  3  4  5  6  7  9  10 81
0.70710678118654746  a  1  2  3  4  5  6  7  9  10 81  b  1  2  3  4  5  6  7  9  10 8
2
0.70710678118654746  a  1  2  3  4  5  6  7  9  10 8  b  1  2  3  4  5  6  7  9  10 82
0.70710678118654746  a  1  2  3  4  5  6  7  9  10 82  b  1  2  3  4  5  6  7  9  10 8
2
0.70710678118654746  a  1  2  3  4  5  6  7  9  10 8  b  1  2  3  4  5  6  7  9  10 83
0.70710678118654746  a  1  2  3  4  5  6  7  9  10 83  b  1  2  3  4  5  6  7  9  10 8
2
0.70710678118654746  a  1  2  3  4  5  6  7  9  10 8  b  1  2  3  4  5  6  7  9  10 84
0.70710678118654746  a  1  2  3  4  5  6  7  9  10 84  b  1  2  3  4  5  6  7  9  10 8
2
0.70710678118654746  a  1  2  3  4  5  6  7  9  10 8  b  1  2  3  4  5  6  7  9  10 85
0.70710678118654746  a  1  2  3  4  5  6  7  9  10 85  b  1  2  3  4  5  6  7  9  10 8
2
0.70710678118654746  a  1  2  3  4  5  6  7  9  10 8  b  1  2  3  4  5  6  7  9  10 86
0.70710678118654746  a  1  2  3  4  5  6  7  9  10 86  b  1  2  3  4  5  6  7  9  10 8
2
0.70710678118654746  a  1  2  3  4  5  6  7  9  10 8  b  1  2  3  4  5  6  7  9  10 87
0.70710678118654746  a  1  2  3  4  5  6  7  9  10 87  b  1  2  3  4  5  6  7  9  10 8
2
0.70710678118654746  a  1  2  3  4  5  6  7  9  10 8  b  1  2  3  4  5  6  7  9  10 88
0.70710678118654746  a  1  2  3  4  5  6  7  9  10 88  b  1  2  3  4  5  6  7  9  10 8
2
0.70710678118654746  a  1  2  3  4  5  6  7  9  10 8  b  1  2  3  4  5  6  7  9  10 89
0.70710678118654746  a  1  2  3  4  5  6  7  9  10 89  b  1  2  3  4  5  6  7  9  10 8
2
0.70710678118654746  a  1  2  3  4  5  6  7  9  10 8  b  1  2  3  4  5  6  7  9  10 90
0.70710678118654746  a  1  2  3  4  5  6  7  9  10 90  b  1  2  3  4  5  6  7  9  10 8
2
0.70710678118654746  a  1  2  3  4  5  6  7  9  10 8  b  1  2  3  4  5  6  7  9  10 91
0.70710678118654746  a  1  2  3  4  5  6  7  9  10 91  b  1  2  3  4  5  6  7  9  10 8
2
0.70710678118654746  a  1  2  3  4  5  6  7  9  10 8  b  1  2  3  4  5  6  7  9  10 92
0.70710678118654746  a  1  2  3  4  5  6  7  9  10 92  b  1  2  3  4  5  6  7  9  10 8
2
0.70710678118654746  a  1  2  3  4  5  6  7  9  10 8  b  1  2  3  4  5  6  7  9  10 93
0.70710678118654746  a  1  2  3  4  5  6  7  9  10 93  b  1  2  3  4  5  6  7  9  10 8
2
0.70710678118654746  a  1  2  3  4  5  6  7  9  10 8  b  1  2  3  4  5  6  7  9  10 94
0.70710678118654746  a  1  2  3  4  5  6  7  9  10 94  b  1  2  3  4  5  6  7  9  10 8
2
0.70710678118654746  a  1  2  3  4  5  6  7  9  10 8  b  1  2  3  4  5  6  7  9  10 95
0.70710678118654746  a  1  2  3  4  5  6  7  9  10 95  b  1  2  3  4  5  6  7  9  10 8
2
0.70710678118654746  a  1  2  3  4  5  6  7  9  10 8  b  1  2  3  4  5  6  7  9  10 96
0.70710678118654746  a  1  2  3  4  5  6  7  9  10 96  b  1  2  3  4  5  6  7  9  10 8
2
0.70710678118654746  a  1  2  3  4  5  6  7  9  10 8  b  1  2  3  4  5  6  7  9  10 97
0.70710678118654746  a  1  2  3  4  5  6  7  9  10 97  b  1  2  3  4  5  6  7  9  10 8
2
0.70710678118654746  a  1  2  3  4  5  6  7  9  10 8  b  1  2  3  4  5  6  7  9  10 98
0.70710678118654746  a  1  2  3  4  5  6  7  9  10 98  b  1  2  3  4  5  6  7  9  10 8
2
0.70710678118654746  a  1  2  3  4  5  6  7  9  10 8  b  1  2  3  4  5  6  7  9  10 99
0.70710678118654746  a  1  2  3  4  5  6  7  9  10 99  b  1  2  3  4  5  6  7  9  10 8
2
0.70710678118654746  a  1  2  3  4  5  6  7  9  10 8  b  1  2  3  4  5  6  7  9  10 100
0.70710678118654746  a  1  2  3  4  5  6  7  9  10 100  b  1  2  3  4  5  6  7  9  10 8
2
0.70710678118654746  a  1  2  3  4  5  6  8  9  10 7  b  1  2  3  4  5  6  8  9  10 23
0.70710678118654746  a  1  2  3  4  5  6  8  9  10 23  b  1  2  3  4  5  6  8  9  10 7
2
0.70710678118654746  a  1  2  3  4  5  6  8  9  10 7  b  1  2  3  4  5  6  8  9  10 24
0.70710678118654746  a  1  2  3  4  5  6  8  9  10 24  b  1  2  3  4  5  6  8  9  10 7
2
0.70710678118654746  a  1  2  3  4  5  6  8  9  10 7  b  1  2  3  4  5  6  8  9  10 25
0.70710678118654746  a  1  2  3  4  5  6  8  9  10 25  b  1  2  3  4  5  6  8  9  10 7
2
0.70710678118654746  a  1  2  3  4  5  6  8  9  10 7  b  1  2  3  4  5  6  8  9  10 26
0.70710678118654746  a  1  2  3  4  5  6  8  9  10 26  b  1  2  3  4  5  6  8  9  10 7
2
0.70710678118654746  a  1  2  3  4  5  6  8  9  10 7  b  1  2  3  4  5  6  8  9  10 27
0.70710678118654746  a  1  2  3  4  5  6  8  9  10 27  b  1  2  3  4  5  6  8  9  10 7
2
0.70710678118654746  a  1  2  3  4  5  6  8  9  10 7  b  1  2  3  4  5  6  8  9  10 28
0.70710678118654746  a  1  2  3  4  5  6  8  9  10 28  b  1  2  3  4  5  6  8  9  10 7
2
0.70710678118654746  a  1  2  3  4  5  6  8  9  10 7  b  1  2  3  4  5  6  8  9  10 29
0.70710678118654746  a  1  2  3  4  5  6  8  9  10 29  b  1  2  3  4  5  6  8  9  10 7
2
0.70710678118654746  a  1  2  3  4  5  6  8  9  10 7  b  1  2  3  4  5  6  8  9  10 30
0.70710678118654746  a  1  2  3  4  5  6  8  9  10 30  b  1  2  3  4  5  6  8  9  10 7
2
0.70710678118654746  a  1  2  3  4  5  6  8  9  10 7  b  1  2  3  4  5  6  8  9  10 31
0.70710678118654746  a  1  2  3  4  5  6  8  9  10 31  b  1  2  3  4  5  6  8  9  10 7
2
0.70710678118654746  a  1  2  3  4  5  6  8  9  10 7  b  1  2  3  4  5  6  8  9  10 32
0.70710678118654746  a  1  2  3  4  5  6  8  9  10 32  b  1  2  3  4  5  6  8  9  10 7
2
0.70710678118654746  a  1  2  3  4  5  6  8  9  10 7  b  1  2  3  4  5  6  8  9  10 33
0.70710678118654746  a  1  2  3  4  5  6  8  9  10 33  b  1  2  3  4  5  6  8  9  10 7
2
0.70710678118654746  a  1  2  3  4  5  6  8  9  10 7  b  1  2  3  4  5  6  8  9  10 34
0.70710678118654746  a  1  2  3  4  5  6  8  9  10 34  b  1  2  3  4  5  6  8  9  10 7
2
0.70710678118654746  a  1  2  3  4  5  6  8  9  10 7  b  1  2  3  4  5  6  8  9  10 35
0.70710678118654746  a  1  2  3  4  5  6  8  9  10 35  b  1  2  3  4  5  6  8  9  10 7
2
0.70710678118654746  a  1  2  3  4  5  6  8  9  10 7  b  1  2  3  4  5  6  8  9  10 36
0.70710678118654746  a  1  2  3  4  5  6  8  9  10 36  b  1  2  3  4  5  6  8  9  10 7
2
0.70710678118654746  a  1  2  3  4  5  6  8  9  10 7  b  1  2  3  4  5  6  8  9  10 37
0.70710678118654746  a  1  2  3  4  5  6  8  9  10 37  b  1  2  3  4  5  6  8  9  10 7
2
0.70710678118654746  a  1  2  3  4  5  6  8  9  10 7  b  1  2  3  4  5  6  8  9  10 38
0.70710678118654746  a  1  2  3  4  5  6  8  9  10 38  b  1  2  3  4  5  6  8  9  10 7
2
0.70710678118654746  a  1  2  3  4  5  6  8  9  10 7  b  1  2  3  4  5  6  8  9  10 39
0.70710678118654746  a  1  2  3  4  5  6  8  9  10 39  b  1  2  3  4  5  6  8  9  10 7
2
0.70710678118654746  a  1  2  3  4  5  6  8  9  10 7  b  1  2  3  4  5  6  8  9  10 40
0.70710678118654746  a  1  2  3  4  5  6  8  9  10 40  b  1  2  3  4  5  6  8  9  10 7
2
0.70710678118654746  a  1  2  3  4  5  6  8  9  10 7  b  1  2  3  4  5  6  8  9  10 41
0.70710678118654746  a  1  2  3  4  5  6  8  9  10 41  b  1  2  3  4  5  6  8  9  10 7
2
0.70710678118654746  a  1  2  3  4  5  6  8  9  10 7  b  1  2  3  4  5  6  8  9  10 42
0.70710678118654746  a  1  2  3  4  5  6  8  9  10 42  b  1  2  3  4  5  6  8  9  10 7
2
0.70710678118654746  a  1  2  3  4  5  6  8  9  10 7  b  1  2  3  4  5  6  8  9  10 43
0.70710678118654746  a  1  2  3  4  5  6  8  9  10 43  b  1  2  3  4  5  6  8  9  10 7
2
0.70710678118654746  a  1  2  3  4  5  6  8  9  10 7  b  1  2  3  4  5  6  8  9  10 44
0.70710678118654746  a  1  2  3  4  5  6  8  9  10 44  b  1  2  3  4  5  6  8  9  10 7
2
0.70710678118654746  a  1  2  3  4  5  6  8  9  10 7  b  1  2  3  4  5  6  8  9  10 45
0.70710678118654746  a  1  2  3  4  5  6  8  9  10 45  b  1  2  3  4  5  6  8  9  10 7
2
0.70710678118654746  a  1  2  3  4  5  6  8  9  10 7  b  1  2  3  4  5  6  8  9  10 46
0.70710678118654746  a  1  2  3  4  5  6  8  9  10 46  b  1  2  3  4  5  6  8  9  10 7
2
0.70710678118654746  a  1  2  3  4  5  6  8  9  10 7  b  1  2  3  4  5  6  8  9  10 47
0.70710678118654746  a  1  2  3  4  5  6  8  9  10 47  b  1  2  3  4  5  6  8  9  10 7
2
0.70710678118654746  a  1  2  3  4  5  6  8  9  10 7  b  1  2  3  4  5  6  8  9  10 48
0.70710678118654746  a  1  2  3  4  5  6  8  9  10 48  b  1  2  3  4  5  6  8  9  10 7
2
0.70710678118654746  a  1  2  3  4  5  6  8  9  10 7  b  1  2  3  4  5  6  8  9  10 49
0.70710678118654746  a  1  2  3  4  5  6  8  9  10 49  b  1  2  3  4  5  6  8  9  10 7
2
0.70710678118654746  a  1  2  3  4  5  6  8  9  10 7  b  1  2  3  4  5  6  8  9  10 50
0.70710678118654746  a  1  2  3  4  5  6  8  9  10 50  b  1  2  3  4  5  6  8  9  10 7
2
0.70710678118654746  a  1  2  3  4  5  6  8  9  10 7  b  1  2  3  4  5  6  8  9  10 51
0.70710678118654746  a  1  2  3  4  5  6  8  9  10 51  b  1  2  3  4  5  6  8  9  10 7
2
0.70710678118654746  a  1  2  3  4  5  6  8  9  10 7  b  1  2  3  4  5  6  8  9  10 52
0.70710678118654746  a  1  2  3  4  5  6  8  9  10 52  b  1  2  3  4  5  6  8  9  10 7
2
0.70710678118654746  a  1  2  3  4  5  6  8  9  10 7  b  1  2  3  4  5  6  8  9  10 53
0.70710678118654746  a  1  2  3  4  5  6  8  9  10 53  b  1  2  3  4  5  6  8  9  10 7
2
0.70710678118654746  a  1  2  3  4  5  6  8  9  10 7  b  1  2  3  4  5  6  8  9  10 54
0.70710678118654746  a  1  2  3  4  5  6  8  9  10 54  b  1  2  3  4  5  6  8  9  10 7
2
0.70710678118654746  a  1  2  3  4  5  6  8  9  10 7  b  1  2  3  4  5  6  8  9  10 55
0.70710678118654746  a  1  2  3  4  5  6  8  9  10 55  b  1  2  3  4  5  6  8  9  10 7
2
0.70710678118654746  a  1  2  3  4  5  6  8  9  10 7  b  1  2  3  4  5  6  8  9  10 56
0.70710678118654746  a  1  2  3  4  5  6  8  9  10 56  b  1  2  3  4  5  6  8  9  10 7
2
0.70710678118654746  a  1  2  3  4  5  6  8  9  10 7  b  1  2  3  4  5  6  8  9  10 57
0.70710678118654746  a  1  2  3  4  5  6  8  9  10 57  b  1  2  3  4  5  6  8  9  10 7
2
0.70710678118654746  a  1  2  3  4  5  6  8  9  10 7  b  1  2  3  4  5  6  8  9  10 58
0.70710678118654746  a  1  2  3  4  5  6  8  9  10 58  b  1  2  3  4  5  6  8  9  10 7
2
0.70710678118654746  a  1  2  3  4  5  6  8  9  10 7  b  1  2  3  4  5  6  8  9  10 59
0.70710678118654746  a  1  2  3  4  5  6  8  9  10 59  b  1  2  3  4  5  6  8  9  10 7
2
0.70710678118654746  a  1  2  3  4  5  6  8  9  10 7  b  1  2  3  4  5  6  8  9  10 60
0.70710678118654746  a  1  2  3  4  5  6  8  9  10 60  b  1  2  3  4  5  6  8  9  10 7
2
0.70710678118654746  a  1  2  3  4  5  6  8  9  10 7  b  1  2  3  4  5  6  8  9  10 61
0.70710678118654746  a  1  2  3  4  5  6  8  9  10 61  b  1  2  3  4  5  6  8  9  10 7
2
0.70710678118654746  a  1  2  3  4  5  6  8  9  10 7  b  1  2  3  4  5  6  8  9  10 62
0.70710678118654746  a  1  2  3  4  5  6  8  9  10 62  b  1  2  3  4  5  6  8  9  10 7
2
0.70710678118654746  a  1  2  3  4  5  6  8  9  10 7  b  1  2  3  4  5  6  8  9  10 63
0.70710678118654746  a  1  2  3  4  5  6  8  9  10 63  b  1  2  3  4  5  6  8  9  10 7
2
0.70710678118654746  a  1  2  3  4  5  6  8  9  10 7  b  1  2  3  4  5  6  8  9  10 64
0.70710678118654746  a  1  2  3  4  5  6  8  9  10 64  b  1  2  3  4  5  6  8  9  10 7
2
0.70710678118654746  a  1  2  3  4  5  6  8  9  10 7  b  1  2  3  4  5  6  8  9  10 65
0.70710678118654746  a  1  2  3  4  5  6  8  9  10 65  b  1  2  3  4  5  6  8  9  10 7
2
0.70710678118654746  a  1  2  3  4  5  6  8  9  10 7  b  1  2  3  4  5  6  8  9  10 66
0.70710678118654746  a  1  2  3  4  5  6  8  9  10 66  b  1  2  3  4  5  6  8  9  10 7
2
0.70710678118654746  a  1  2  3  4  5  6  8  9  10 7  b  1  2  3  4  5  6  8  9  10 67
0.70710678118654746  a  1  2  3  4  5  6  8  9  10 67  b  1  2  3  4  5  6  8  9  10 7
2
0.70710678118654746  a  1  2  3  4  5  6  8  9  10 7  b  1  2  3  4  5  6  8  9  10 68
0.70710678118654746  a  1  2  3  4  5  6  8  9  10 68  b  1  2  3  4  5  6  8  9  10 7
2
0.70710678118654746  a  1  2  3  4  5  6  8  9  10 7  b  1  2  3  4  5  6  8  9  10 69
0.70710678118654746  a  1  2  3  4  5  6  8  9  10 69  b  1  2  3  4  5  6  8  9  10 7
2
0.70710678118654746  a  1  2  3  4  5  6  8  9  10 7  b  1  2  3  4  5  6  8  9  10 70
0.70710678118654746  a  1  2  3  4  5  6  8  9  10 70  b  1  2  3  4  5  6  8  9  10 7
2
0.70710678118654746  a  1  2  3  4  5  6  8  9  10 7  b  1  2  3  4  5  6  8  9  10 71
0.70710678118654746  a  1  2  3  4  5  6  8  9  10 71  b  1  2  3  4  5  6  8  9  10 7
2
0.70710678118654746  a  1  2  3  4  5  6  8  9  10 7  b  1  2  3  4  5  6  8  9  10 72
0.70710678118654746  a  1  2  3  4  5  6  8  9  10 72  b  1  2  3  4  5  6  8  9  10 7
2
0.70710678118654746  a  1  2  3  4  5  6  8  9  10 7  b  1  2  3  4  5  6  8  9  10 73
0.70710678118654746  a  1  2  3  4  5  6  8  9  10 73  b  1  2  3  4  5  6  8  9  10 7
2
0.70710678118654746  a  1  2  3  4  5  6  8  9  10 7  b  1  2  3  4  5  6  8  9  10 74
0.70710678118654746  a  1  2  3  4  5  6  8  9  10 74  b  1  2  3  4  5  6  8  9  10 7
2
0.70710678118654746  a  1  2  3  4  5  6  8  9  10 7  b  1  2  3  4  5  6  8  9  10 75
0.70710678118654746  a  1  2  3  4  5  6  8  9  10 75  b  1  2  3  4  5  6  8  9  10 7
2
0.70710678118654746  a  1  2  3  4  5  6  8  9  10 7  b  1  2  3  4  5  6  8  9  10 76
0.70710678118654746  a  1  2  3  4  5  6  8  9  10 76  b  1  2  3  4  5  6  8  9  10 7
2
0.70710678118654746  a  1  2  3  4  5  6  8  9  10 7  b  1  2  3  4  5  6  8  9  10 77
0.70710678118654746  a  1  2  3  4  5  6  8  9  10 77  b  1  2  3  4  5  6  8  9  10 7
2
0.70710678118654746  a  1  2  3  4  5  6  8  9  10 7  b  1  2  3  4  5  6  8  9  10 78
0.70710678118654746  a  1  2  3  4  5  6  8  9  10 78  b  1  2  3  4  5  6  8  9  10 7
2
0.70710678118654746  a  1  2  3  4  5  6  8  9  10 7  b  1  2  3  4  5  6  8  9  10 79
0.70710678118654746  a  1  2  3  4  5  6  8  9  10 79  b  1  2  3  4  5  6  8  9  10 7
2
0.70710678118654746  a  1  2  3  4  5  6  8  9  10 7  b  1  2  3  4  5  6  8  9  10 80
0.70710678118654746  a  1  2  3  4  5  6  8  9  10 80  b  1  2  3  4  5  6  8  9  10 7
2
0.70710678118654746  a  1  2  3  4  5  6  8  9  10 7  b  1  2  3  4  5  6  8  9  10 81
0.70710678118654746  a  1  2  3  4  5  6  8  9  10 81  b  1  2  3  4  5  6  8  9  10 7
2
0.70710678118654746  a  1  2  3  4  5  6  8  9  10 7  b  1  2  3  4  5  6  8  9  10 82
0.70710678118654746  a  1  2  3  4  5  6  8  9  10 82  b  1  2  3  4  5  6  8  9  10 7
2
0.70710678118654746  a  1  2  3  4  5  6  8  9  10 7  b  1  2  3  4  5  6  8  9  10 83
0.70710678118654746  a  1  2  3  4  5  6  8  9  10 83  b  1  2  3  4  5  6  8  9  10 7
2
0.70710678118654746  a  1  2  3  4  5  6  8  9  10 7  b  1  2  3  4  5  6  8  9  10 84
0.70710678118654746  a  1  2  3  4  5  6  8  9  10 84  b  1  2  3  4  5  6  8  9  10 7
2
0.70710678118654746  a  1  2  3  4  5  6  8  9  10 7  b  1  2  3  4  5  6  8  9  10 85
0.70710678118654746  a  1  2  3  4  5  6  8  9  10 85  b  1  2  3  4  5  6  8  9  10 7
2
0.70710678118654746  a  1  2  3  4  5  6  8  9  10 7  b  1  2  3  4  5  6  8  9  10 86
0.70710678118654746  a  1  2  3  4  5  6  8  9  10 86  b  1  2  3  4  5  6  8  9  10 7
2
0.70710678118654746  a  1  2  3  4  5  6  8  9  10 7  b  1  2  3  4  5  6  8  9  10 87
0.70710678118654746  a  1  2  3  4  5  6  8  9  10 87  b  1  2  3  4  5  6  8  9  10 7
2
0.70710678118654746  a  1  2  3  4  5  6  8  9  10 7  b  1  2  3  4  5  6  8  9  10 88
0.70710678118654746  a  1  2  3  4  5  6  8  9  10 88  b  1  2  3  4  5  6  8  9  10 7
2
0.70710678118654746  a  1  2  3  4  5  6  8  9  10 7  b  1  2  3  4  5  6  8  9  10 89
0.70710678118654746  a  1  2  3  4  5  6  8  9  10 89  b  1  2  3  4  5  6  8  9  10 7
2
0.70710678118654746  a  1  2  3  4  5  6  8  9  10 7  b  1  2  3  4  5  6  8  9  10 90
0.70710678118654746  a  1  2  3  4  5  6  8  9  10 90  b  1  2  3  4  5  6  8  9  10 7
2
0.70710678118654746  a  1  2  3  4  5  6  8  9  10 7  b  1  2  3  4  5  6  8  9  10 91
0.70710678118654746  a  1  2  3  4  5  6  8  9  10 91  b  1  2  3  4  5  6  8  9  10 7
2
0.70710678118654746  a  1  2  3  4  5  6  8  9  10 7  b  1  2  3  4  5  6  8  9  10 92
0.70710678118654746  a  1  2  3  4  5  6  8  9  10 92  b  1  2  3  4  5  6  8  9  10 7
2
0.70710678118654746  a  1  2  3  4  5  6  8  9  10 7  b  1  2  3  4  5  6  8  9  10 93
0.70710678118654746  a  1  2  3  4  5  6  8  9  10 93  b  1  2  3  4  5  6  8  9  10 7
2
0.70710678118654746  a  1  2  3  4  5  6  8  9  10 7  b  1  2  3  4  5  6  8  9  10 94
0.70710678118654746  a  1  2  3  4  5  6  8  9  10 94  b  1  2  3  4  5  6  8  9  10 7
2
0.70710678118654746  a  1  2  3  4  5  6  8  9  10 7  b  1  2  3  4  5  6  8  9  10 95
0.70710678118654746  a  1  2  3  4  5  6  8  9  10 95  b  1  2  3  4  5  6  8  9  10 7
2
0.70710678118654746  a  1  2  3  4  5  6  8  9  10 7  b  1  2  3  4  5  6  8  9  10 96
0.70710678118654746  a  1  2  3  4  5  6  8  9  10 96  b  1  2  3  4  5  6  8  9  10 7
2
0.70710678118654746  a  1  2  3  4  5  6  8  9  10 7  b  1  2  3  4  5  6  8  9  10 97
0.70710678118654746  a  1  2  3  4  5  6  8  9  10 97  b  1  2  3  4  5  6  8  9  10 7
2
0.70710678118654746  a  1  2  3  4  5  6  8  9  10 7  b  1  2  3  4  5  6  8  9  10 98
0.70710678118654746  a  1  2  3  4  5  6  8  9  10 98  b  1  2  3  4  5  6  8  9  10 7
2
0.70710678118654746  a  1  2  3  4  5  6  8  9  10 7  b  1  2  3  4  5  6  8  9  10 99
0.70710678118654746  a  1  2  3  4  5  6  8  9  10 99  b  1  2  3  4  5  6  8  9  10 7
2
0.70710678118654746  a  1  2  3  4  5  6  8  9  10 7  b  1  2  3  4  5  6  8  9  10 100
0.70710678118654746  a  1  2  3  4  5  6  8  9  10 100  b  1  2  3  4  5  6  8  9  10 7
2
0.70710678118654746  a  1  2  3  4  5  7  8  9  10 6  b  1  2  3  4  5  7  8  9  10 23
0.70710678118654746  a  1  2  3  4  5  7  8  9  10 23  b  1  2  3  4  5  7  8  9  10 6
2
0.70710678118654746  a  1  2  3  4  5  7  8  9  10 6  b  1  2  3  4  5  7  8  9  10 24
0.70710678118654746  a  1  2  3  4  5  7  8  9  10 24  b  1  2  3  4  5  7  8  9  10 6
2
0.70710678118654746  a  1  2  3  4  5  7  8  9  10 6  b  1  2  3  4  5  7  8  9  10 25
0.70710678118654746  a  1  2  3  4  5  7  8  9  10 25  b  1  2  3  4  5  7  8  9  10 6
2
0.70710678118654746  a  1  2  3  4  5  7  8  9  10 6  b  1  2  3  4  5  7  8  9  10 26
0.70710678118654746  a  1  2  3  4  5  7  8  9  10 26  b  1  2  3  4  5  7  8  9  10 6
2
0.70710678118654746  a  1  2  3  4  5  7  8  9  10 6  b  1  2  3  4  5  7  8  9  10 27
0.70710678118654746  a  1  2  3  4  5  7  8  9  10 27  b  1  2  3  4  5  7  8  9  10 6
2
0.70710678118654746  a  1  2  3  4  5  7  8  9  10 6  b  1  2  3  4  5  7  8  9  10 28
0.70710678118654746  a  1  2  3  4  5  7  8  9  10 28  b  1  2  3  4  5  7  8  9  10 6
2
0.70710678118654746  a  1  2  3  4  5  7  8  9  10 6  b  1  2  3  4  5  7  8  9  10 29
0.70710678118654746  a  1  2  3  4  5  7  8  9  10 29  b  1  2  3  4  5  7  8  9  10 6
2
0.70710678118654746  a  1  2  3  4  5  7  8  9  10 6  b  1  2  3  4  5  7  8  9  10 30
0.70710678118654746  a  1  2  3  4  5  7  8  9  10 30  b  1  2  3  4  5  7  8  9  10 6
2
0.70710678118654746  a  1  2  3  4  5  7  8  9  10 6  b  1  2  3  4  5  7  8  9  10 31
0.70710678118654746  a  1  2  3  4  5  7  8  9  10 31  b  1  2  3  4  5  7  8  9  10 6
2
0.70710678118654746  a  1  2  3  4  5  7  8  9  10 6  b  1  2  3  4  5  7  8  9  10 32
0.70710678118654746  a  1  2  3  4  5  7  8  9  10 32  b  1  2  3  4  5  7  8  9  10 6
2
0.70710678118654746  a  1  2  3  4  5  7  8  9  10 6  b  1  2  3  4  5  7  8  9  10 33
0.70710678118654746  a  1  2  3  4  5  7  8  9  10 33  b  1  2  3  4  5  7  8  9  10 6
2
0.70710678118654746  a  1  2  3  4  5  7  8  9  10 6  b  1  2  3  4  5  7  8  9  10 34
0.70710678118654746  a  1  2  3  4  5  7  8  9  10 34  b  1  2  3  4  5  7  8  9  10 6
2
0.70710678118654746  a  1  2  3  4  5  7  8  9  10 6  b  1  2  3  4  5  7  8  9  10 35
0.70710678118654746  a  1  2  3  4  5  7  8  9  10 35  b  1  2  3  4  5  7  8  9  10 6
2
0.70710678118654746  a  1  2  3  4  5  7  8  9  10 6  b  1  2  3  4  5  7  8  9  10 36
0.70710678118654746  a  1  2  3  4  5  7  8  9  10 36  b  1  2  3  4  5  7  8  9  10 6
2
0.70710678118654746  a  1  2  3  4  5  7  8  9  10 6  b  1  2  3  4  5  7  8  9  10 37
0.70710678118654746  a  1  2  3  4  5  7  8  9  10 37  b  1  2  3  4  5  7  8  9  10 6
2
0.70710678118654746  a  1  2  3  4  5  7  8  9  10 6  b  1  2  3  4  5  7  8  9  10 38
0.70710678118654746  a  1  2  3  4  5  7  8  9  10 38  b  1  2  3  4  5  7  8  9  10 6
2
0.70710678118654746  a  1  2  3  4  5  7  8  9  10 6  b  1  2  3  4  5  7  8  9  10 39
0.70710678118654746  a  1  2  3  4  5  7  8  9  10 39  b  1  2  3  4  5  7  8  9  10 6
2
0.70710678118654746  a  1  2  3  4  5  7  8  9  10 6  b  1  2  3  4  5  7  8  9  10 40
0.70710678118654746  a  1  2  3  4  5  7  8  9  10 40  b  1  2  3  4  5  7  8  9  10 6
2
0.70710678118654746  a  1  2  3  4  5  7  8  9  10 6  b  1  2  3  4  5  7  8  9  10 41
0.70710678118654746  a  1  2  3  4  5  7  8  9  10 41  b  1  2  3  4  5  7  8  9  10 6
2
0.70710678118654746  a  1  2  3  4  5  7  8  9  10 6  b  1  2  3  4  5  7  8  9  10 42
0.70710678118654746  a  1  2  3  4  5  7  8  9  10 42  b  1  2  3  4  5  7  8  9  10 6
2
0.70710678118654746  a  1  2  3  4  5  7  8  9  10 6  b  1  2  3  4  5  7  8  9  10 43
0.70710678118654746  a  1  2  3  4  5  7  8  9  10 43  b  1  2  3  4  5  7  8  9  10 6
2
0.70710678118654746  a  1  2  3  4  5  7  8  9  10 6  b  1  2  3  4  5  7  8  9  10 44
0.70710678118654746  a  1  2  3  4  5  7  8  9  10 44  b  1  2  3  4  5  7  8  9  10 6
2
0.70710678118654746  a  1  2  3  4  5  7  8  9  10 6  b  1  2  3  4  5  7  8  9  10 45
0.70710678118654746  a  1  2  3  4  5  7  8  9  10 45  b  1  2  3  4  5  7  8  9  10 6
2
0.70710678118654746  a  1  2  3  4  5  7  8  9  10 6  b  1  2  3  4  5  7  8  9  10 46
0.70710678118654746  a  1  2  3  4  5  7  8  9  10 46  b  1  2  3  4  5  7  8  9  10 6
2
0.70710678118654746  a  1  2  3  4  5  7  8  9  10 6  b  1  2  3  4  5  7  8  9  10 47
0.70710678118654746  a  1  2  3  4  5  7  8  9  10 47  b  1  2  3  4  5  7  8  9  10 6
2
0.70710678118654746  a  1  2  3  4  5  7  8  9  10 6  b  1  2  3  4  5  7  8  9  10 48
0.70710678118654746  a  1  2  3  4  5  7  8  9  10 48  b  1  2  3  4  5  7  8  9  10 6
2
0.70710678118654746  a  1  2  3  4  5  7  8  9  10 6  b  1  2  3  4  5  7  8  9  10 49
0.70710678118654746  a  1  2  3  4  5  7  8  9  10 49  b  1  2  3  4  5  7  8  9  10 6
2
0.70710678118654746  a  1  2  3  4  5  7  8  9  10 6  b  1  2  3  4  5  7  8  9  10 50
0.70710678118654746  a  1  2  3  4  5  7  8  9  10 50  b  1  2  3  4  5  7  8  9  10 6
2
0.70710678118654746  a  1  2  3  4  5  7  8  9  10 6  b  1  2  3  4  5  7  8  9  10 51
0.70710678118654746  a  1  2  3  4  5  7  8  9  10 51  b  1  2  3  4  5  7  8  9  10 6
2
0.70710678118654746  a  1  2  3  4  5  7  8  9  10 6  b  1  2  3  4  5  7  8  9  10 52
0.70710678118654746  a  1  2  3  4  5  7  8  9  10 52  b  1  2  3  4  5  7  8  9  10 6
2
0.70710678118654746  a  1  2  3  4  5  7  8  9  10 6  b  1  2  3  4  5  7  8  9  10 53
0.70710678118654746  a  1  2  3  4  5  7  8  9  10 53  b  1  2  3  4  5  7  8  9  10 6
2
0.70710678118654746  a  1  2  3  4  5  7  8  9  10 6  b  1  2  3  4  5  7  8  9  10 54
0.70710678118654746  a  1  2  3  4  5  7  8  9  10 54  b  1  2  3  4  5  7  8  9  10 6
2
0.70710678118654746  a  1  2  3  4  5  7  8  9  10 6  b  1  2  3  4  5  7  8  9  10 55
0.70710678118654746  a  1  2  3  4  5  7  8  9  10 55  b  1  2  3  4  5  7  8  9  10 6
2
0.70710678118654746  a  1  2  3  4  5  7  8  9  10 6  b  1  2  3  4  5  7  8  9  10 56
0.70710678118654746  a  1  2  3  4  5  7  8  9  10 56  b  1  2  3  4  5  7  8  9  10 6
2
0.70710678118654746  a  1  2  3  4  5  7  8  9  10 6  b  1  2  3  4  5  7  8  9  10 57
0.70710678118654746  a  1  2  3  4  5  7  8  9  10 57  b  1  2  3  4  5  7  8  9  10 6
2
0.70710678118654746  a  1  2  3  4  5  7  8  9  10 6  b  1  2  3  4  5  7  8  9  10 58
0.70710678118654746  a  1  2  3  4  5  7  8  9  10 58  b  1  2  3  4  5  7  8  9  10 6
2
0.70710678118654746  a  1  2  3  4  5  7  8  9  10 6  b  1  2  3  4  5  7  8  9  10 59
0.70710678118654746  a  1  2  3  4  5  7  8  9  10 59  b  1  2  3  4  5  7  8  9  10 6
2
0.70710678118654746  a  1  2  3  4  5  7  8  9  10 6  b  1  2  3  4  5  7  8  9  10 60
0.70710678118654746  a  1  2  3  4  5  7  8  9  10 60  b  1  2  3  4  5  7  8  9  10 6
2
0.70710678118654746  a  1  2  3  4  5  7  8  9  10 6  b  1  2  3  4  5  7  8  9  10 61
0.70710678118654746  a  1  2  3  4  5  7  8  9  10 61  b  1  2  3  4  5  7  8  9  10 6
2
0.70710678118654746  a  1  2  3  4  5  7  8  9  10 6  b  1  2  3  4  5  7  8  9  10 62
0.70710678118654746  a  1  2  3  4  5  7  8  9  10 62  b  1  2  3  4  5  7  8  9  10 6
2
0.70710678118654746  a  1  2  3  4  5  7  8  9  10 6  b  1  2  3  4  5  7  8  9  10 63
0.70710678118654746  a  1  2  3  4  5  7  8  9  10 63  b  1  2  3  4  5  7  8  9  10 6
2
0.70710678118654746  a  1  2  3  4  5  7  8  9  10 6  b  1  2  3  4  5  7  8  9  10 64
0.70710678118654746  a  1  2  3  4  5  7  8  9  10 64  b  1  2  3  4  5  7  8  9  10 6
2
0.70710678118654746  a  1  2  3  4  5  7  8  9  10 6  b  1  2  3  4  5  7  8  9  10 65
0.70710678118654746  a  1  2  3  4  5  7  8  9  10 65  b  1  2  3  4  5  7  8  9  10 6
2
0.70710678118654746  a  1  2  3  4  5  7  8  9  10 6  b  1  2  3  4  5  7  8  9  10 66
0.70710678118654746  a  1  2  3  4  5  7  8  9  10 66  b  1  2  3  4  5  7  8  9  10 6
2
0.70710678118654746  a  1  2  3  4  5  7  8  9  10 6  b  1  2  3  4  5  7  8  9  10 67
0.70710678118654746  a  1  2  3  4  5  7  8  9  10 67  b  1  2  3  4  5  7  8  9  10 6
2
0.70710678118654746  a  1  2  3  4  5  7  8  9  10 6  b  1  2  3  4  5  7  8  9  10 68
0.70710678118654746  a  1  2  3  4  5  7  8  9  10 68  b  1  2  3  4  5  7  8  9  10 6
2
0.70710678118654746  a  1  2  3  4  5  7  8  9  10 6  b  1  2  3  4  5  7  8  9  10 69
0.70710678118654746  a  1  2  3  4  5  7  8  9  10 69  b  1  2  3  4  5  7  8  9  10 6
2
0.70710678118654746  a  1  2  3  4  5  7  8  9  10 6  b  1  2  3  4  5  7  8  9  10 70
0.70710678118654746  a  1  2  3  4  5  7  8  9  10 70  b  1  2  3  4  5  7  8  9  10 6
2
0.70710678118654746  a  1  2  3  4  5  7  8  9  10 6  b  1  2  3  4  5  7  8  9  10 71
0.70710678118654746  a  1  2  3  4  5  7  8  9  10 71  b  1  2  3  4  5  7  8  9  10 6
2
0.70710678118654746  a  1  2  3  4  5  7  8  9  10 6  b  1  2  3  4  5  7  8  9  10 72
0.70710678118654746  a  1  2  3  4  5  7  8  9  10 72  b  1  2  3  4  5  7  8  9  10 6
2
0.70710678118654746  a  1  2  3  4  5  7  8  9  10 6  b  1  2  3  4  5  7  8  9  10 73
0.70710678118654746  a  1  2  3  4  5  7  8  9  10 73  b  1  2  3  4  5  7  8  9  10 6
2
0.70710678118654746  a  1  2  3  4  5  7  8  9  10 6  b  1  2  3  4  5  7  8  9  10 74
0.70710678118654746  a  1  2  3  4  5  7  8  9  10 74  b  1  2  3  4  5  7  8  9  10 6
2
0.70710678118654746  a  1  2  3  4  5  7  8  9  10 6  b  1  2  3  4  5  7  8  9  10 75
0.70710678118654746  a  1  2  3  4  5  7  8  9  10 75  b  1  2  3  4  5  7  8  9  10 6
2
0.70710678118654746  a  1  2  3  4  5  7  8  9  10 6  b  1  2  3  4  5  7  8  9  10 76
0.70710678118654746  a  1  2  3  4  5  7  8  9  10 76  b  1  2  3  4  5  7  8  9  10 6
2
0.70710678118654746  a  1  2  3  4  5  7  8  9  10 6  b  1  2  3  4  5  7  8  9  10 77
0.70710678118654746  a  1  2  3  4  5  7  8  9  10 77  b  1  2  3  4  5  7  8  9  10 6
2
0.70710678118654746  a  1  2  3  4  5  7  8  9  10 6  b  1  2  3  4  5  7  8  9  10 78
0.70710678118654746  a  1  2  3  4  5  7  8  9  10 78  b  1  2  3  4  5  7  8  9  10 6
2
0.70710678118654746  a  1  2  3  4  5  7  8  9  10 6  b  1  2  3  4  5  7  8  9  10 79
0.70710678118654746  a  1  2  3  4  5  7  8  9  10 79  b  1  2  3  4  5  7  8  9  10 6
2
0.70710678118654746  a  1  2  3  4  5  7  8  9  10 6  b  1  2  3  4  5  7  8  9  10 80
0.70710678118654746  a  1  2  3  4  5  7  8  9  10 80  b  1  2  3  4  5  7  8  9  10 6
2
0.70710678118654746  a  1  2  3  4  5  7  8  9  10 6  b  1  2  3  4  5  7  8  9  10 81
0.70710678118654746  a  1  2  3  4  5  7  8  9  10 81  b  1  2  3  4  5  7  8  9  10 6
2
0.70710678118654746  a  1  2  3  4  5  7  8  9  10 6  b  1  2  3  4  5  7  8  9  10 82
0.70710678118654746  a  1  2  3  4  5  7  8  9  10 82  b  1  2  3  4  5  7  8  9  10 6
2
0.70710678118654746  a  1  2  3  4  5  7  8  9  10 6  b  1  2  3  4  5  7  8  9  10 83
0.70710678118654746  a  1  2  3  4  5  7  8  9  10 83  b  1  2  3  4  5  7  8  9  10 6
2
0.70710678118654746  a  1  2  3  4  5  7  8  9  10 6  b  1  2  3  4  5  7  8  9  10 84
0.70710678118654746  a  1  2  3  4  5  7  8  9  10 84  b  1  2  3  4  5  7  8  9  10 6
2
0.70710678118654746  a  1  2  3  4  5  7  8  9  10 6  b  1  2  3  4  5  7  8  9  10 85
0.70710678118654746  a  1  2  3  4  5  7  8  9  10 85  b  1  2  3  4  5  7  8  9  10 6
2
0.70710678118654746  a  1  2  3  4  5  7  8  9  10 6  b  1  2  3  4  5  7  8  9  10 86
0.70710678118654746  a  1  2  3  4  5  7  8  9  10 86  b  1  2  3  4  5  7  8  9  10 6
2
0.70710678118654746  a  1  2  3  4  5  7  8  9  10 6  b  1  2  3  4  5  7  8  9  10 87
0.70710678118654746  a  1  2  3  4  5  7  8  9  10 87  b  1  2  3  4  5  7  8  9  10 6
2
0.70710678118654746  a  1  2  3  4  5  7  8  9  10 6  b  1  2  3  4  5  7  8  9  10 88
0.70710678118654746  a  1  2  3  4  5  7  8  9  10 88  b  1  2  3  4  5  7  8  9  10 6
2
0.70710678118654746  a  1  2  3  4  5  7  8  9  10 6  b  1  2  3  4  5  7  8  9  10 89
0.70710678118654746  a  1  2  3  4  5  7  8  9  10 89  b  1  2  3  4  5  7  8  9  10 6
2
0.70710678118654746  a  1  2  3  4  5  7  8  9  10 6  b  1  2  3  4  5  7  8  9  10 90
0.70710678118654746  a  1  2  3  4  5  7  8  9  10 90  b  1  2  3  4  5  7  8  9  10 6
2
0.70710678118654746  a  1  2  3  4  5  7  8  9  10 6  b  1  2  3  4  5  7  8  9  10 91
0.70710678118654746  a  1  2  3  4  5  7  8  9  10 91  b  1  2  3  4  5  7  8  9  10 6
2
0.70710678118654746  a  1  2  3  4  5  7  8  9  10 6  b  1  2  3  4  5  7  8  9  10 92
0.70710678118654746  a  1  2  3  4  5  7  8  9  10 92  b  1  2  3  4  5  7  8  9  10 6
2
0.70710678118654746  a  1  2  3  4  5  7  8  9  10 6  b  1  2  3  4  5  7  8  9  10 93
0.70710678118654746  a  1  2  3  4  5  7  8  9  10 93  b  1  2  3  4  5  7  8  9  10 6
2
0.70710678118654746  a  1  2  3  4  5  7  8  9  10 6  b  1  2  3  4  5  7  8  9  10 94
0.70710678118654746  a  1  2  3  4  5  7  8  9  10 94  b  1  2  3  4  5  7  8  9  10 6
2
0.70710678118654746  a  1  2  3  4  5  7  8  9  10 6  b  1  2  3  4  5  7  8  9  10 95
0.70710678118654746  a  1  2  3  4  5  7  8  9  10 95  b  1  2  3  4  5  7  8  9  10 6
2
0.70710678118654746  a  1  2  3  4  5  7  8  9  10 6  b  1  2  3  4  5  7  8  9  10 96
0.70710678118654746  a  1  2  3  4  5  7  8  9  10 96  b  1  2  3  4  5  7  8  9  10 6
2
0.70710678118654746  a  1  2  3  4  5  7  8  9  10 6  b  1  2  3  4  5  7  8  9  10 97
0.70710678118654746  a  1  2  3  4  5  7  8  9  10 97  b  1  2  3  4  5  7  8  9  10 6
2
0.70710678118654746  a  1  2  3  4  5  7  8  9  10 6  b  1  2  3  4  5  7  8  9  10 98
0.70710678118654746  a  1  2  3  4  5  7  8  9  10 98  b  1  2  3  4  5  7  8  9  10 6
2
0.70710678118654746  a  1  2  3  4  5  7  8  9  10 6  b  1  2  3  4  5  7  8  9  10 99
0.70710678118654746  a  1  2  3  4  5  7  8  9  10 99  b  1  2  3  4  5  7  8  9  10 6
2
0.70710678118654746  a  1  2  3  4  5  7  8  9  10 6  b  1  2  3  4  5  7  8  9  10 100
0.70710678118654746  a  1  2  3  4  5  7  8  9  10 100  b  1  2  3  4  5  7  8  9  10 6
2
0.70710678118654746  a  1  2  3  4  6  7  8  9  10 5  b  1  2  3  4  6  7  8  9  10 23
0.70710678118654746  a  1  2  3  4  6  7  8  9  10 23  b  1  2  3  4  6  7  8  9  10 5
2
0.70710678118654746  a  1  2  3  4  6  7  8  9  10 5  b  1  2  3  4  6  7  8  9  10 24
0.70710678118654746  a  1  2  3  4  6  7  8  9  10 24  b  1  2  3  4  6  7  8  9  10 5
2
0.70710678118654746  a  1  2  3  4  6  7  8  9  10 5  b  1  2  3  4  6  7  8  9  10 25
0.70710678118654746  a  1  2  3  4  6  7  8  9  10 25  b  1  2  3  4  6  7  8  9  10 5
2
0.70710678118654746  a  1  2  3  4  6  7  8  9  10 5  b  1  2  3  4  6  7  8  9  10 26
0.70710678118654746  a  1  2  3  4  6  7  8  9  10 26  b  1  2  3  4  6  7  8  9  10 5
2
0.70710678118654746  a  1  2  3  4  6  7  8  9  10 5  b  1  2  3  4  6  7  8  9  10 27
0.70710678118654746  a  1  2  3  4  6  7  8  9  10 27  b  1  2  3  4  6  7  8  9  10 5
2
0.70710678118654746  a  1  2  3  4  6  7  8  9  10 5  b  1  2  3  4  6  7  8  9  10 28
0.70710678118654746  a  1  2  3  4  6  7  8  9  10 28  b  1  2  3  4  6  7  8  9  10 5
2
0.70710678118654746  a  1  2  3  4  6  7  8  9  10 5  b  1  2  3  4  6  7  8  9  10 29
0.70710678118654746  a  1  2  3  4  6  7  8  9  10 29  b  1  2  3  4  6  7  8  9  10 5
2
0.70710678118654746  a  1  2  3  4  6  7  8  9  10 5  b  1  2  3  4  6  7  8  9  10 30
0.70710678118654746  a  1  2  3  4  6  7  8  9  10 30  b  1  2  3  4  6  7  8  9  10 5
2
0.70710678118654746  a  1  2  3  4  6  7  8  9  10 5  b  1  2  3  4  6  7  8  9  10 31
0.70710678118654746  a  1  2  3  4  6  7  8  9  10 31  b  1  2  3  4  6  7  8  9  10 5
2
0.70710678118654746  a  1  2  3  4  6  7  8  9  10 5  b  1  2  3  4  6  7  8  9  10 32
0.70710678118654746  a  1  2  3  4  6  7  8  9  10 32  b  1  2  3  4  6  7  8  9  10 5
2
0.70710678118654746  a  1  2  3  4  6  7  8  9  10 5  b  1  2  3  4  6  7  8  9  10 33
0.70710678118654746  a  1  2  3  4  6  7  8  9  10 33  b  1  2  3  4  6  7  8  9  10 5
2
0.70710678118654746  a  1  2  3  4  6  7  8  9  10 5  b  1  2  3  4  6  7  8  9  10 34
0.70710678118654746  a  1  2  3  4  6  7  8  9  10 34  b  1  2  3  4  6  7  8  9  10 5
2
0.70710678118654746  a  1  2  3  4  6  7  8  9  10 5  b  1  2  3  4  6  7  8  9  10 35
0.70710678118654746  a  1  2  3  4  6  7  8  9  10 35  b  1  2  3  4  6  7  8  9  10 5
2
0.70710678118654746  a  1  2  3  4  6  7  8  9  10 5  b  1  2  3  4  6  7  8  9  10 36
0.70710678118654746  a  1  2  3  4  6  7  8  9  10 36  b  1  2  3  4  6  7  8  9  10 5
2
0.70710678118654746  a  1  2  3  4  6  7  8  9  10 5  b  1  2  3  4  6  7  8  9  10 37
0.70710678118654746  a  1  2  3  4  6  7  8  9  10 37  b  1  2  3  4  6  7  8  9  10 5
2
0.70710678118654746  a  1  2  3  4  6  7  8  9  10 5  b  1  2  3  4  6  7  8  9  10 38
0.70710678118654746  a  1  2  3  4  6  7  8  9  10 38  b  1  2  3  4  6  7  8  9  10 5
2
0.70710678118654746  a  1  2  3  4  6  7  8  9  10 5  b  1  2  3  4  6  7  8  9  10 39
0.70710678118654746  a  1  2  3  4  6  7  8  9  10 39  b  1  2  3  4  6  7  8  9  10 5
2
0.70710678118654746  a  1  2  3  4  6  7  8  9  10 5  b  1  2  3  4  6  7  8  9  10 40
0.70710678118654746  a  1  2  3  4  6  7  8  9  10 40  b  1  2  3  4  6  7  8  9  10 5
2
0.70710678118654746  a  1  2  3  4  6  7  8  9  10 5  b  1  2  3  4  6  7  8  9  10 41
0.70710678118654746  a  1  2  3  4  6  7  8  9  10 41  b  1  2  3  4  6  7  8  9  10 5
2
0.70710678118654746  a  1  2  3  4  6  7  8  9  10 5  b  1  2  3  4  6  7  8  9  10 42
0.70710678118654746  a  1  2  3  4  6  7  8  9  10 42  b  1  2  3  4  6  7  8  9  10 5
2
0.70710678118654746  a  1  2  3  4  6  7  8  9  10 5  b  1  2  3  4  6  7  8  9  10 43
0.70710678118654746  a  1  2  3  4  6  7  8  9  10 43  b  1  2  3  4  6  7  8  9  10 5
2
0.70710678118654746  a  1  2  3  4  6  7  8  9  10 5  b  1  2  3  4  6  7  8  9  10 44
0.70710678118654746  a  1  2  3  4  6  7  8  9  10 44  b  1  2  3  4  6  7  8  9  10 5
2
0.70710678118654746  a  1  2  3  4  6  7  8  9  10 5  b  1  2  3  4  6  7  8  9  10 45
0.70710678118654746  a  1  2  3  4  6  7  8  9  10 45  b  1  2  3  4  6  7  8  9  10 5
2
0.70710678118654746  a  1  2  3  4  6  7  8  9  10 5  b  1  2  3  4  6  7  8  9  10 46
0.70710678118654746  a  1  2  3  4  6  7  8  9  10 46  b  1  2  3  4  6  7  8  9  10 5
2
0.70710678118654746  a  1  2  3  4  6  7  8  9  10 5  b  1  2  3  4  6  7  8  9  10 47
0.70710678118654746  a  1  2  3  4  6  7  8  9  10 47  b  1  2  3  4  6  7  8  9  10 5
2
0.70710678118654746  a  1  2  3  4  6  7  8  9  10 5  b  1  2  3  4  6  7  8  9  10 48
0.70710678118654746  a  1  2  3  4  6  7  8  9  10 48  b  1  2  3  4  6  7  8  9  10 5
2
0.70710678118654746  a  1  2  3  4  6  7  8  9  10 5  b  1  2  3  4  6  7  8  9  10 49
0.70710678118654746  a  1  2  3  4  6  7  8  9  10 49  b  1  2  3  4  6  7  8  9  10 5
2
0.70710678118654746  a  1  2  3  4  6  7  8  9  10 5  b  1  2  3  4  6  7  8  9  10 50
0.70710678118654746  a  1  2  3  4  6  7  8  9  10 50  b  1  2  3  4  6  7  8  9  10 5
2
0.70710678118654746  a  1  2  3  4  6  7  8  9  10 5  b  1  2  3  4  6  7  8  9  10 51
0.70710678118654746  a  1  2  3  4  6  7  8  9  10 51  b  1  2  3  4  6  7  8  9  10 5
2
0.70710678118654746  a  1  2  3  4  6  7  8  9  10 5  b  1  2  3  4  6  7  8  9  10 52
0.70710678118654746  a  1  2  3  4  6  7  8  9  10 52  b  1  2  3  4  6  7  8  9  10 5
2
0.70710678118654746  a  1  2  3  4  6  7  8  9  10 5  b  1  2  3  4  6  7  8  9  10 53
0.70710678118654746  a  1  2  3  4  6  7  8  9  10 53  b  1  2  3  4  6  7  8  9  10 5
2
0.70710678118654746  a  1  2  3  4  6  7  8  9  10 5  b  1  2  3  4  6  7  8  9  10 54
0.70710678118654746  a  1  2  3  4  6  7  8  9  10 54  b  1  2  3  4  6  7  8  9  10 5
2
0.70710678118654746  a  1  2  3  4  6  7  8  9  10 5  b  1  2  3  4  6  7  8  9  10 55
0.70710678118654746  a  1  2  3  4  6  7  8  9  10 55  b  1  2  3  4  6  7  8  9  10 5
2
0.70710678118654746  a  1  2  3  4  6  7  8  9  10 5  b  1  2  3  4  6  7  8  9  10 56
0.70710678118654746  a  1  2  3  4  6  7  8  9  10 56  b  1  2  3  4  6  7  8  9  10 5
2
0.70710678118654746  a  1  2  3  4  6  7  8  9  10 5  b  1  2  3  4  6  7  8  9  10 57
0.70710678118654746  a  1  2  3  4  6  7  8  9  10 57  b  1  2  3  4  6  7  8  9  10 5
2
0.70710678118654746  a  1  2  3  4  6  7  8  9  10 5  b  1  2  3  4  6  7  8  9  10 58
0.70710678118654746  a  1  2  3  4  6  7  8  9  10 58  b  1  2  3  4  6  7  8  9  10 5
2
0.70710678118654746  a  1  2  3  4  6  7  8  9  10 5  b  1  2  3  4  6  7  8  9  10 59
0.70710678118654746  a  1  2  3  4  6  7  8  9  10 59  b  1  2  3  4  6  7  8  9  10 5
2
0.70710678118654746  a  1  2  3  4  6  7  8  9  10 5  b  1  2  3  4  6  7  8  9  10 60
0.70710678118654746  a  1  2  3  4  6  7  8  9  10 60  b  1  2  3  4  6  7  8  9  10 5
2
0.70710678118654746  a  1  2  3  4  6  7  8  9  10 5  b  1  2  3  4  6  7  8  9  10 61
0.70710678118654746  a  1  2  3  4  6  7  8  9  10 61  b  1  2  3  4  6  7  8  9  10 5
2
0.70710678118654746  a  1  2  3  4  6  7  8  9  10 5  b  1  2  3  4  6  7  8  9  10 62
0.70710678118654746  a  1  2  3  4  6  7  8  9  10 62  b  1  2  3  4  6  7  8  9  10 5
2
0.70710678118654746  a  1  2  3  4  6  7  8  9  10 5  b  1  2  3  4  6  7  8  9  10 63
0.70710678118654746  a  1  2  3  4  6  7  8  9  10 63  b  1  2  3  4  6  7  8  9  10 5
2
0.70710678118654746  a  1  2  3  4  6  7  8  9  10 5  b  1  2  3  4  6  7  8  9  10 64
0.70710678118654746  a  1  2  3  4  6  7  8  9  10 64  b  1  2  3  4  6  7  8  9  10 5
2
0.70710678118654746  a  1  2  3  4  6  7  8  9  10 5  b  1  2  3  4  6  7  8  9  10 65
0.70710678118654746  a  1  2  3  4  6  7  8  9  10 65  b  1  2  3  4  6  7  8  9  10 5
2
0.70710678118654746  a  1  2  3  4  6  7  8  9  10 5  b  1  2  3  4  6  7  8  9  10 66
0.70710678118654746  a  1  2  3  4  6  7  8  9  10 66  b  1  2  3  4  6  7  8  9  10 5
2
0.70710678118654746  a  1  2  3  4  6  7  8  9  10 5  b  1  2  3  4  6  7  8  9  10 67
0.70710678118654746  a  1  2  3  4  6  7  8  9  10 67  b  1  2  3  4  6  7  8  9  10 5
2
0.70710678118654746  a  1  2  3  4  6  7  8  9  10 5  b  1  2  3  4  6  7  8  9  10 68
0.70710678118654746  a  1  2  3  4  6  7  8  9  10 68  b  1  2  3  4  6  7  8  9  10 5
2
0.70710678118654746  a  1  2  3  4  6  7  8  9  10 5  b  1  2  3  4  6  7  8  9  10 69
0.70710678118654746  a  1  2  3  4  6  7  8  9  10 69  b  1  2  3  4  6  7  8  9  10 5
2
0.70710678118654746  a  1  2  3  4  6  7  8  9  10 5  b  1  2  3  4  6  7  8  9  10 70
0.70710678118654746  a  1  2  3  4  6  7  8  9  10 70  b  1  2  3  4  6  7  8  9  10 5
2
0.70710678118654746  a  1  2  3  4  6  7  8  9  10 5  b  1  2  3  4  6  7  8  9  10 71
0.70710678118654746  a  1  2  3  4  6  7  8  9  10 71  b  1  2  3  4  6  7  8  9  10 5
2
0.70710678118654746  a  1  2  3  4  6  7  8  9  10 5  b  1  2  3  4  6  7  8  9  10 72
0.70710678118654746  a  1  2  3  4  6  7  8  9  10 72  b  1  2  3  4  6  7  8  9  10 5
2
0.70710678118654746  a  1  2  3  4  6  7  8  9  10 5  b  1  2  3  4  6  7  8  9  10 73
0.70710678118654746  a  1  2  3  4  6  7  8  9  10 73  b  1  2  3  4  6  7  8  9  10 5
2
0.70710678118654746  a  1  2  3  4  6  7  8  9  10 5  b  1  2  3  4  6  7  8  9  10 74
0.70710678118654746  a  1  2  3  4  6  7  8  9  10 74  b  1  2  3  4  6  7  8  9  10 5
2
0.70710678118654746  a  1  2  3  4  6  7  8  9  10 5  b  1  2  3  4  6  7  8  9  10 75
0.70710678118654746  a  1  2  3  4  6  7  8  9  10 75  b  1  2  3  4  6  7  8  9  10 5
2
0.70710678118654746  a  1  2  3  4  6  7  8  9  10 5  b  1  2  3  4  6  7  8  9  10 76
0.70710678118654746  a  1  2  3  4  6  7  8  9  10 76  b  1  2  3  4  6  7  8  9  10 5
2
0.70710678118654746  a  1  2  3  4  6  7  8  9  10 5  b  1  2  3  4  6  7  8  9  10 77
0.70710678118654746  a  1  2  3  4  6  7  8  9  10 77  b  1  2  3  4  6  7  8  9  10 5
2
0.70710678118654746  a  1  2  3  4  6  7  8  9  10 5  b  1  2  3  4  6  7  8  9  10 78
0.70710678118654746  a  1  2  3  4  6  7  8  9  10 78  b  1  2  3  4  6  7  8  9  10 5
2
0.70710678118654746  a  1  2  3  4  6  7  8  9  10 5  b  1  2  3  4  6  7  8  9  10 79
0.70710678118654746  a  1  2  3  4  6  7  8  9  10 79  b  1  2  3  4  6  7  8  9  10 5
2
0.70710678118654746  a  1  2  3  4  6  7  8  9  10 5  b  1  2  3  4  6  7  8  9  10 80
0.70710678118654746  a  1  2  3  4  6  7  8  9  10 80  b  1  2  3  4  6  7  8  9  10 5
2
0.70710678118654746  a  1  2  3  4  6  7  8  9  10 5  b  1  2  3  4  6  7  8  9  10 81
0.70710678118654746  a  1  2  3  4  6  7  8  9  10 81  b  1  2  3  4  6  7  8  9  10 5
2
0.70710678118654746  a  1  2  3  4  6  7  8  9  10 5  b  1  2  3  4  6  7  8  9  10 82
0.70710678118654746  a  1  2  3  4  6  7  8  9  10 82  b  1  2  3  4  6  7  8  9  10 5
2
0.70710678118654746  a  1  2  3  4  6  7  8  9  10 5  b  1  2  3  4  6  7  8  9  10 83
0.70710678118654746  a  1  2  3  4  6  7  8  9  10 83  b  1  2  3  4  6  7  8  9  10 5
2
0.70710678118654746  a  1  2  3  4  6  7  8  9  10 5  b  1  2  3  4  6  7  8  9  10 84
0.70710678118654746  a  1  2  3  4  6  7  8  9  10 84  b  1  2  3  4  6  7  8  9  10 5
2
0.70710678118654746  a  1  2  3  4  6  7  8  9  10 5  b  1  2  3  4  6  7  8  9  10 85
0.70710678118654746  a  1  2  3  4  6  7  8  9  10 85  b  1  2  3  4  6  7  8  9  10 5
2
0.70710678118654746  a  1  2  3  4  6  7  8  9  10 5  b  1  2  3  4  6  7  8  9  10 86
0.70710678118654746  a  1  2  3  4  6  7  8  9  10 86  b  1  2  3  4  6  7  8  9  10 5
2
0.70710678118654746  a  1  2  3  4  6  7  8  9  10 5  b  1  2  3  4  6  7  8  9  10 87
0.70710678118654746  a  1  2  3  4  6  7  8  9  10 87  b  1  2  3  4  6  7  8  9  10 5
2
0.70710678118654746  a  1  2  3  4  6  7  8  9  10 5  b  1  2  3  4  6  7  8  9  10 88
0.70710678118654746  a  1  2  3  4  6  7  8  9  10 88  b  1  2  3  4  6  7  8  9  10 5
2
0.70710678118654746  a  1  2  3  4  6  7  8  9  10 5  b  1  2  3  4  6  7  8  9  10 89
0.70710678118654746  a  1  2  3  4  6  7  8  9  10 89  b  1  2  3  4  6  7  8  9  10 5
2
0.70710678118654746  a  1  2  3  4  6  7  8  9  10 5  b  1  2  3  4  6  7  8  9  10 90
0.70710678118654746  a  1  2  3  4  6  7  8  9  10 90  b  1  2  3  4  6  7  8  9  10 5
2
0.70710678118654746  a  1  2  3  4  6  7  8  9  10 5  b  1  2  3  4  6  7  8  9  10 91
0.70710678118654746  a  1  2  3  4  6  7  8  9  10 91  b  1  2  3  4  6  7  8  9  10 5
2
0.70710678118654746  a  1  2  3  4  6  7  8  9  10 5  b  1  2  3  4  6  7  8  9  10 92
0.70710678118654746  a  1  2  3  4  6  7  8  9  10 92  b  1  2  3  4  6  7  8  9  10 5
2
0.70710678118654746  a  1  2  3  4  6  7  8  9  10 5  b  1  2  3  4  6  7  8  9  10 93
0.70710678118654746  a  1  2  3  4  6  7  8  9  10 93  b  1  2  3  4  6  7  8  9  10 5
2
0.70710678118654746  a  1  2  3  4  6  7  8  9  10 5  b  1  2  3  4  6  7  8  9  10 94
0.70710678118654746  a  1  2  3  4  6  7  8  9  10 94  b  1  2  3  4  6  7  8  9  10 5
2
0.70710678118654746  a  1  2  3  4  6  7  8  9  10 5  b  1  2  3  4  6  7  8  9  10 95
0.70710678118654746  a  1  2  3  4  6  7  8  9  10 95  b  1  2  3  4  6  7  8  9  10 5
2
0.70710678118654746  a  1  2  3  4  6  7  8  9  10 5  b  1  2  3  4  6  7  8  9  10 96
0.70710678118654746  a  1  2  3  4  6  7  8  9  10 96  b  1  2  3  4  6  7  8  9  10 5
2
0.70710678118654746  a  1  2  3  4  6  7  8  9  10 5  b  1  2  3  4  6  7  8  9  10 97
0.70710678118654746  a  1  2  3  4  6  7  8  9  10 97  b  1  2  3  4  6  7  8  9  10 5
2
0.70710678118654746  a  1  2  3  4  6  7  8  9  10 5  b  1  2  3  4  6  7  8  9  10 98
0.70710678118654746  a  1  2  3  4  6  7  8  9  10 98  b  1  2  3  4  6  7  8  9  10 5
2
0.70710678118654746  a  1  2  3  4  6  7  8  9  10 5  b  1  2  3  4  6  7  8  9  10 99
0.70710678118654746  a  1  2  3  4  6  7  8  9  10 99  b  1  2  3  4  6  7  8  9  10 5
2
0.70710678118654746  a  1  2  3  4  6  7  8  9  10 5  b  1  2  3  4  6  7  8  9  10 100
0.70710678118654746  a  1  2  3  4  6  7  8  9  10 100  b  1  2  3  4  6  7  8  9  10 5
