6 0.000000000000001
 ci_nexne_final_13 
10 10
6
2
0.70710678118654746  a  1  2  3  4  5  6  7  8  9 10  b  1  2  3  4  5  6  7  8  9 13
0.70710678118654746  a  1  2  3  4  5  6  7  8  9 13  b  1  2  3  4  5  6  7  8  9 10
2
0.70710678118654746  a  1  2  3  4  5  6  7  8  10 9  b  1  2  3  4  5  6  7  8  10 13
0.70710678118654746  a  1  2  3  4  5  6  7  8  10 13  b  1  2  3  4  5  6  7  8  10 9
2
0.70710678118654746  a  1  2  3  4  5  6  7  9  10 8  b  1  2  3  4  5  6  7  9  10 13
0.70710678118654746  a  1  2  3  4  5  6  7  9  10 13  b  1  2  3  4  5  6  7  9  10 8
2
0.70710678118654746  a  1  2  3  4  5  6  8  9  10 7  b  1  2  3  4  5  6  8  9  10 13
0.70710678118654746  a  1  2  3  4  5  6  8  9  10 13  b  1  2  3  4  5  6  8  9  10 7
2
0.70710678118654746  a  1  2  3  4  5  7  8  9  10 6  b  1  2  3  4  5  7  8  9  10 13
0.70710678118654746  a  1  2  3  4  5  7  8  9  10 13  b  1  2  3  4  5  7  8  9  10 6
2
0.70710678118654746  a  1  2  3  4  6  7  8  9  10 5  b  1  2  3  4  6  7  8  9  10 13
0.70710678118654746  a  1  2  3  4  6  7  8  9  10 13  b  1  2  3  4  6  7  8  9  10 5
