16 0.000000000000001
 ci_water_h2_final_68.out 
6 5
16
2
0.70710678118654746  a  1  2  3  4 5 68  b  1  2  3  4 6
0.70710678118654746  a  1  2  3  4 6 68  b  1  2  3  4 5
3
-0.40824829046386307  a  1  2  3  4 6 68  b  1  2  3  4 5
0.40824829046386307  a  1  2  3  4 5 68  b  1  2  3  4 6
0.81649658092772615  a  1  2  3  4 5 6  b  1  2  3  4 68
2
0.70710678118654746  a  1  2  3  5 4 68  b  1  2  3  5 6
0.70710678118654746  a  1  2  3  5 6 68  b  1  2  3  5 4
3
-0.40824829046386307  a  1  2  3  5 6 68  b  1  2  3  5 4
0.40824829046386307  a  1  2  3  5 4 68  b  1  2  3  5 6
0.81649658092772615  a  1  2  3  5 4 6  b  1  2  3  5 68
2
0.70710678118654746  a  1  2  3  6 4 68  b  1  2  3  6 5
0.70710678118654746  a  1  2  3  6 5 68  b  1  2  3  6 4
3
-0.40824829046386307  a  1  2  3  6 5 68  b  1  2  3  6 4
0.40824829046386307  a  1  2  3  6 4 68  b  1  2  3  6 5
0.81649658092772615  a  1  2  3  6 4 5  b  1  2  3  6 68
2
0.70710678118654746  a  1  2  4  5 3 68  b  1  2  4  5 6
0.70710678118654746  a  1  2  4  5 6 68  b  1  2  4  5 3
3
-0.40824829046386307  a  1  2  4  5 6 68  b  1  2  4  5 3
0.40824829046386307  a  1  2  4  5 3 68  b  1  2  4  5 6
0.81649658092772615  a  1  2  4  5 3 6  b  1  2  4  5 68
2
0.70710678118654746  a  1  2  4  6 3 68  b  1  2  4  6 5
0.70710678118654746  a  1  2  4  6 5 68  b  1  2  4  6 3
3
-0.40824829046386307  a  1  2  4  6 5 68  b  1  2  4  6 3
0.40824829046386307  a  1  2  4  6 3 68  b  1  2  4  6 5
0.81649658092772615  a  1  2  4  6 3 5  b  1  2  4  6 68
2
0.70710678118654746  a  1  2  5  6 3 68  b  1  2  5  6 4
0.70710678118654746  a  1  2  5  6 4 68  b  1  2  5  6 3
3
-0.40824829046386307  a  1  2  5  6 4 68  b  1  2  5  6 3
0.40824829046386307  a  1  2  5  6 3 68  b  1  2  5  6 4
0.81649658092772615  a  1  2  5  6 3 4  b  1  2  5  6 68
1
1.0  a  1  2  3  4  5 68  b  1  2  3  4  5
1
1.0  a  1  2  3  4  6 68  b  1  2  3  4  6
1
1.0  a  1  2  3  5  6 68  b  1  2  3  5  6
1
1.0  a  1  2  4  5  6 68  b  1  2  4  5  6
