25 0.000000000000001
 ci_co_final_50 
6 6
25
4
0.5  a  2  3  4  1 5 7  b  2  3  4  1 6 50
0.5  a  2  3  4  1 5 50  b  2  3  4  1 6 7
0.5  a  2  3  4  1 6 7  b  2  3  4  1 5 50
0.5  a  2  3  4  1 6 50  b  2  3  4  1 5 7
6
0.57735026918962584  a  2  3  4  1 5 6  b  2  3  4  1 7 50
0.57735026918962584  a  2  3  4  1 7 50  b  2  3  4  1 5 6
0.28867513459481292  a  2  3  4  1 5 7  b  2  3  4  1 6 50
0.28867513459481292  a  2  3  4  1 6 50  b  2  3  4  1 5 7
-0.28867513459481292  a  2  3  4  1 5 50  b  2  3  4  1 6 7
-0.28867513459481292  a  2  3  4  1 6 7  b  2  3  4  1 5 50
4
0.5  a  2  3  5  1 4 7  b  2  3  5  1 6 50
0.5  a  2  3  5  1 4 50  b  2  3  5  1 6 7
0.5  a  2  3  5  1 6 7  b  2  3  5  1 4 50
0.5  a  2  3  5  1 6 50  b  2  3  5  1 4 7
6
0.57735026918962584  a  2  3  5  1 4 6  b  2  3  5  1 7 50
0.57735026918962584  a  2  3  5  1 7 50  b  2  3  5  1 4 6
0.28867513459481292  a  2  3  5  1 4 7  b  2  3  5  1 6 50
0.28867513459481292  a  2  3  5  1 6 50  b  2  3  5  1 4 7
-0.28867513459481292  a  2  3  5  1 4 50  b  2  3  5  1 6 7
-0.28867513459481292  a  2  3  5  1 6 7  b  2  3  5  1 4 50
4
0.5  a  2  3  6  1 4 7  b  2  3  6  1 5 50
0.5  a  2  3  6  1 4 50  b  2  3  6  1 5 7
0.5  a  2  3  6  1 5 7  b  2  3  6  1 4 50
0.5  a  2  3  6  1 5 50  b  2  3  6  1 4 7
6
0.57735026918962584  a  2  3  6  1 4 5  b  2  3  6  1 7 50
0.57735026918962584  a  2  3  6  1 7 50  b  2  3  6  1 4 5
0.28867513459481292  a  2  3  6  1 4 7  b  2  3  6  1 5 50
0.28867513459481292  a  2  3  6  1 5 50  b  2  3  6  1 4 7
-0.28867513459481292  a  2  3  6  1 4 50  b  2  3  6  1 5 7
-0.28867513459481292  a  2  3  6  1 5 7  b  2  3  6  1 4 50
4
0.5  a  2  4  5  1 3 7  b  2  4  5  1 6 50
0.5  a  2  4  5  1 3 50  b  2  4  5  1 6 7
0.5  a  2  4  5  1 6 7  b  2  4  5  1 3 50
0.5  a  2  4  5  1 6 50  b  2  4  5  1 3 7
6
0.57735026918962584  a  2  4  5  1 3 6  b  2  4  5  1 7 50
0.57735026918962584  a  2  4  5  1 7 50  b  2  4  5  1 3 6
0.28867513459481292  a  2  4  5  1 3 7  b  2  4  5  1 6 50
0.28867513459481292  a  2  4  5  1 6 50  b  2  4  5  1 3 7
-0.28867513459481292  a  2  4  5  1 3 50  b  2  4  5  1 6 7
-0.28867513459481292  a  2  4  5  1 6 7  b  2  4  5  1 3 50
4
0.5  a  2  4  6  1 3 7  b  2  4  6  1 5 50
0.5  a  2  4  6  1 3 50  b  2  4  6  1 5 7
0.5  a  2  4  6  1 5 7  b  2  4  6  1 3 50
0.5  a  2  4  6  1 5 50  b  2  4  6  1 3 7
6
0.57735026918962584  a  2  4  6  1 3 5  b  2  4  6  1 7 50
0.57735026918962584  a  2  4  6  1 7 50  b  2  4  6  1 3 5
0.28867513459481292  a  2  4  6  1 3 7  b  2  4  6  1 5 50
0.28867513459481292  a  2  4  6  1 5 50  b  2  4  6  1 3 7
-0.28867513459481292  a  2  4  6  1 3 50  b  2  4  6  1 5 7
-0.28867513459481292  a  2  4  6  1 5 7  b  2  4  6  1 3 50
4
0.5  a  2  5  6  1 3 7  b  2  5  6  1 4 50
0.5  a  2  5  6  1 3 50  b  2  5  6  1 4 7
0.5  a  2  5  6  1 4 7  b  2  5  6  1 3 50
0.5  a  2  5  6  1 4 50  b  2  5  6  1 3 7
6
0.57735026918962584  a  2  5  6  1 3 4  b  2  5  6  1 7 50
0.57735026918962584  a  2  5  6  1 7 50  b  2  5  6  1 3 4
0.28867513459481292  a  2  5  6  1 3 7  b  2  5  6  1 4 50
0.28867513459481292  a  2  5  6  1 4 50  b  2  5  6  1 3 7
-0.28867513459481292  a  2  5  6  1 3 50  b  2  5  6  1 4 7
-0.28867513459481292  a  2  5  6  1 4 7  b  2  5  6  1 3 50
4
0.5  a  3  4  5  1 2 7  b  3  4  5  1 6 50
0.5  a  3  4  5  1 2 50  b  3  4  5  1 6 7
0.5  a  3  4  5  1 6 7  b  3  4  5  1 2 50
0.5  a  3  4  5  1 6 50  b  3  4  5  1 2 7
6
0.57735026918962584  a  3  4  5  1 2 6  b  3  4  5  1 7 50
0.57735026918962584  a  3  4  5  1 7 50  b  3  4  5  1 2 6
0.28867513459481292  a  3  4  5  1 2 7  b  3  4  5  1 6 50
0.28867513459481292  a  3  4  5  1 6 50  b  3  4  5  1 2 7
-0.28867513459481292  a  3  4  5  1 2 50  b  3  4  5  1 6 7
-0.28867513459481292  a  3  4  5  1 6 7  b  3  4  5  1 2 50
4
0.5  a  3  4  6  1 2 7  b  3  4  6  1 5 50
0.5  a  3  4  6  1 2 50  b  3  4  6  1 5 7
0.5  a  3  4  6  1 5 7  b  3  4  6  1 2 50
0.5  a  3  4  6  1 5 50  b  3  4  6  1 2 7
6
0.57735026918962584  a  3  4  6  1 2 5  b  3  4  6  1 7 50
0.57735026918962584  a  3  4  6  1 7 50  b  3  4  6  1 2 5
0.28867513459481292  a  3  4  6  1 2 7  b  3  4  6  1 5 50
0.28867513459481292  a  3  4  6  1 5 50  b  3  4  6  1 2 7
-0.28867513459481292  a  3  4  6  1 2 50  b  3  4  6  1 5 7
-0.28867513459481292  a  3  4  6  1 5 7  b  3  4  6  1 2 50
4
0.5  a  3  5  6  1 2 7  b  3  5  6  1 4 50
0.5  a  3  5  6  1 2 50  b  3  5  6  1 4 7
0.5  a  3  5  6  1 4 7  b  3  5  6  1 2 50
0.5  a  3  5  6  1 4 50  b  3  5  6  1 2 7
6
0.57735026918962584  a  3  5  6  1 2 4  b  3  5  6  1 7 50
0.57735026918962584  a  3  5  6  1 7 50  b  3  5  6  1 2 4
0.28867513459481292  a  3  5  6  1 2 7  b  3  5  6  1 4 50
0.28867513459481292  a  3  5  6  1 4 50  b  3  5  6  1 2 7
-0.28867513459481292  a  3  5  6  1 2 50  b  3  5  6  1 4 7
-0.28867513459481292  a  3  5  6  1 4 7  b  3  5  6  1 2 50
4
0.5  a  4  5  6  1 2 7  b  4  5  6  1 3 50
0.5  a  4  5  6  1 2 50  b  4  5  6  1 3 7
0.5  a  4  5  6  1 3 7  b  4  5  6  1 2 50
0.5  a  4  5  6  1 3 50  b  4  5  6  1 2 7
6
0.57735026918962584  a  4  5  6  1 2 3  b  4  5  6  1 7 50
0.57735026918962584  a  4  5  6  1 7 50  b  4  5  6  1 2 3
0.28867513459481292  a  4  5  6  1 2 7  b  4  5  6  1 3 50
0.28867513459481292  a  4  5  6  1 3 50  b  4  5  6  1 2 7
-0.28867513459481292  a  4  5  6  1 2 50  b  4  5  6  1 3 7
-0.28867513459481292  a  4  5  6  1 3 7  b  4  5  6  1 2 50
2
0.70710678118654746  a  2  3  4  5  1 7  b  2  3  4  5  1 50
0.70710678118654746  a  2  3  4  5  1 50  b  2  3  4  5  1 7
2
0.70710678118654746  a  2  3  4  6  1 7  b  2  3  4  6  1 50
0.70710678118654746  a  2  3  4  6  1 50  b  2  3  4  6  1 7
2
0.70710678118654746  a  2  3  5  6  1 7  b  2  3  5  6  1 50
0.70710678118654746  a  2  3  5  6  1 50  b  2  3  5  6  1 7
2
0.70710678118654746  a  2  4  5  6  1 7  b  2  4  5  6  1 50
0.70710678118654746  a  2  4  5  6  1 50  b  2  4  5  6  1 7
2
0.70710678118654746  a  3  4  5  6  1 7  b  3  4  5  6  1 50
0.70710678118654746  a  3  4  5  6  1 50  b  3  4  5  6  1 7
