84 0.000000000000001
 ci_ch3_final_35.out 
4 4
84
2
0.70710678118654746  a  1  2  3 4  b  1  2  3 35
0.70710678118654746  a  1  2  3 35  b  1  2  3 4
2
0.70710678118654746  a  1  2  4 3  b  1  2  4 35
0.70710678118654746  a  1  2  4 35  b  1  2  4 3
2
0.70710678118654746  a  1  3  4 2  b  1  3  4 35
0.70710678118654746  a  1  3  4 35  b  1  3  4 2
4
0.5  a  1  2 3 5  b  1  2 4 35
0.5  a  1  2 3 35  b  1  2 4 5
0.5  a  1  2 4 5  b  1  2 3 35
0.5  a  1  2 4 35  b  1  2 3 5
6
0.57735026918962584  a  1  2 3 4  b  1  2 5 35
0.57735026918962584  a  1  2 5 35  b  1  2 3 4
0.28867513459481292  a  1  2 3 5  b  1  2 4 35
0.28867513459481292  a  1  2 4 35  b  1  2 3 5
-0.28867513459481292  a  1  2 3 35  b  1  2 4 5
-0.28867513459481292  a  1  2 4 5  b  1  2 3 35
4
0.5  a  1  2 3 6  b  1  2 4 35
0.5  a  1  2 3 35  b  1  2 4 6
0.5  a  1  2 4 6  b  1  2 3 35
0.5  a  1  2 4 35  b  1  2 3 6
6
0.57735026918962584  a  1  2 3 4  b  1  2 6 35
0.57735026918962584  a  1  2 6 35  b  1  2 3 4
0.28867513459481292  a  1  2 3 6  b  1  2 4 35
0.28867513459481292  a  1  2 4 35  b  1  2 3 6
-0.28867513459481292  a  1  2 3 35  b  1  2 4 6
-0.28867513459481292  a  1  2 4 6  b  1  2 3 35
4
0.5  a  1  2 3 7  b  1  2 4 35
0.5  a  1  2 3 35  b  1  2 4 7
0.5  a  1  2 4 7  b  1  2 3 35
0.5  a  1  2 4 35  b  1  2 3 7
6
0.57735026918962584  a  1  2 3 4  b  1  2 7 35
0.57735026918962584  a  1  2 7 35  b  1  2 3 4
0.28867513459481292  a  1  2 3 7  b  1  2 4 35
0.28867513459481292  a  1  2 4 35  b  1  2 3 7
-0.28867513459481292  a  1  2 3 35  b  1  2 4 7
-0.28867513459481292  a  1  2 4 7  b  1  2 3 35
4
0.5  a  1  2 3 8  b  1  2 4 35
0.5  a  1  2 3 35  b  1  2 4 8
0.5  a  1  2 4 8  b  1  2 3 35
0.5  a  1  2 4 35  b  1  2 3 8
6
0.57735026918962584  a  1  2 3 4  b  1  2 8 35
0.57735026918962584  a  1  2 8 35  b  1  2 3 4
0.28867513459481292  a  1  2 3 8  b  1  2 4 35
0.28867513459481292  a  1  2 4 35  b  1  2 3 8
-0.28867513459481292  a  1  2 3 35  b  1  2 4 8
-0.28867513459481292  a  1  2 4 8  b  1  2 3 35
4
0.5  a  1  2 3 9  b  1  2 4 35
0.5  a  1  2 3 35  b  1  2 4 9
0.5  a  1  2 4 9  b  1  2 3 35
0.5  a  1  2 4 35  b  1  2 3 9
6
0.57735026918962584  a  1  2 3 4  b  1  2 9 35
0.57735026918962584  a  1  2 9 35  b  1  2 3 4
0.28867513459481292  a  1  2 3 9  b  1  2 4 35
0.28867513459481292  a  1  2 4 35  b  1  2 3 9
-0.28867513459481292  a  1  2 3 35  b  1  2 4 9
-0.28867513459481292  a  1  2 4 9  b  1  2 3 35
4
0.5  a  1  2 3 10  b  1  2 4 35
0.5  a  1  2 3 35  b  1  2 4 10
0.5  a  1  2 4 10  b  1  2 3 35
0.5  a  1  2 4 35  b  1  2 3 10
6
0.57735026918962584  a  1  2 3 4  b  1  2 10 35
0.57735026918962584  a  1  2 10 35  b  1  2 3 4
0.28867513459481292  a  1  2 3 10  b  1  2 4 35
0.28867513459481292  a  1  2 4 35  b  1  2 3 10
-0.28867513459481292  a  1  2 3 35  b  1  2 4 10
-0.28867513459481292  a  1  2 4 10  b  1  2 3 35
4
0.5  a  1  2 3 11  b  1  2 4 35
0.5  a  1  2 3 35  b  1  2 4 11
0.5  a  1  2 4 11  b  1  2 3 35
0.5  a  1  2 4 35  b  1  2 3 11
6
0.57735026918962584  a  1  2 3 4  b  1  2 11 35
0.57735026918962584  a  1  2 11 35  b  1  2 3 4
0.28867513459481292  a  1  2 3 11  b  1  2 4 35
0.28867513459481292  a  1  2 4 35  b  1  2 3 11
-0.28867513459481292  a  1  2 3 35  b  1  2 4 11
-0.28867513459481292  a  1  2 4 11  b  1  2 3 35
4
0.5  a  1  2 3 12  b  1  2 4 35
0.5  a  1  2 3 35  b  1  2 4 12
0.5  a  1  2 4 12  b  1  2 3 35
0.5  a  1  2 4 35  b  1  2 3 12
6
0.57735026918962584  a  1  2 3 4  b  1  2 12 35
0.57735026918962584  a  1  2 12 35  b  1  2 3 4
0.28867513459481292  a  1  2 3 12  b  1  2 4 35
0.28867513459481292  a  1  2 4 35  b  1  2 3 12
-0.28867513459481292  a  1  2 3 35  b  1  2 4 12
-0.28867513459481292  a  1  2 4 12  b  1  2 3 35
4
0.5  a  1  2 3 13  b  1  2 4 35
0.5  a  1  2 3 35  b  1  2 4 13
0.5  a  1  2 4 13  b  1  2 3 35
0.5  a  1  2 4 35  b  1  2 3 13
6
0.57735026918962584  a  1  2 3 4  b  1  2 13 35
0.57735026918962584  a  1  2 13 35  b  1  2 3 4
0.28867513459481292  a  1  2 3 13  b  1  2 4 35
0.28867513459481292  a  1  2 4 35  b  1  2 3 13
-0.28867513459481292  a  1  2 3 35  b  1  2 4 13
-0.28867513459481292  a  1  2 4 13  b  1  2 3 35
4
0.5  a  1  3 2 5  b  1  3 4 35
0.5  a  1  3 2 35  b  1  3 4 5
0.5  a  1  3 4 5  b  1  3 2 35
0.5  a  1  3 4 35  b  1  3 2 5
6
0.57735026918962584  a  1  3 2 4  b  1  3 5 35
0.57735026918962584  a  1  3 5 35  b  1  3 2 4
0.28867513459481292  a  1  3 2 5  b  1  3 4 35
0.28867513459481292  a  1  3 4 35  b  1  3 2 5
-0.28867513459481292  a  1  3 2 35  b  1  3 4 5
-0.28867513459481292  a  1  3 4 5  b  1  3 2 35
4
0.5  a  1  3 2 6  b  1  3 4 35
0.5  a  1  3 2 35  b  1  3 4 6
0.5  a  1  3 4 6  b  1  3 2 35
0.5  a  1  3 4 35  b  1  3 2 6
6
0.57735026918962584  a  1  3 2 4  b  1  3 6 35
0.57735026918962584  a  1  3 6 35  b  1  3 2 4
0.28867513459481292  a  1  3 2 6  b  1  3 4 35
0.28867513459481292  a  1  3 4 35  b  1  3 2 6
-0.28867513459481292  a  1  3 2 35  b  1  3 4 6
-0.28867513459481292  a  1  3 4 6  b  1  3 2 35
4
0.5  a  1  3 2 7  b  1  3 4 35
0.5  a  1  3 2 35  b  1  3 4 7
0.5  a  1  3 4 7  b  1  3 2 35
0.5  a  1  3 4 35  b  1  3 2 7
6
0.57735026918962584  a  1  3 2 4  b  1  3 7 35
0.57735026918962584  a  1  3 7 35  b  1  3 2 4
0.28867513459481292  a  1  3 2 7  b  1  3 4 35
0.28867513459481292  a  1  3 4 35  b  1  3 2 7
-0.28867513459481292  a  1  3 2 35  b  1  3 4 7
-0.28867513459481292  a  1  3 4 7  b  1  3 2 35
4
0.5  a  1  3 2 8  b  1  3 4 35
0.5  a  1  3 2 35  b  1  3 4 8
0.5  a  1  3 4 8  b  1  3 2 35
0.5  a  1  3 4 35  b  1  3 2 8
6
0.57735026918962584  a  1  3 2 4  b  1  3 8 35
0.57735026918962584  a  1  3 8 35  b  1  3 2 4
0.28867513459481292  a  1  3 2 8  b  1  3 4 35
0.28867513459481292  a  1  3 4 35  b  1  3 2 8
-0.28867513459481292  a  1  3 2 35  b  1  3 4 8
-0.28867513459481292  a  1  3 4 8  b  1  3 2 35
4
0.5  a  1  3 2 9  b  1  3 4 35
0.5  a  1  3 2 35  b  1  3 4 9
0.5  a  1  3 4 9  b  1  3 2 35
0.5  a  1  3 4 35  b  1  3 2 9
6
0.57735026918962584  a  1  3 2 4  b  1  3 9 35
0.57735026918962584  a  1  3 9 35  b  1  3 2 4
0.28867513459481292  a  1  3 2 9  b  1  3 4 35
0.28867513459481292  a  1  3 4 35  b  1  3 2 9
-0.28867513459481292  a  1  3 2 35  b  1  3 4 9
-0.28867513459481292  a  1  3 4 9  b  1  3 2 35
4
0.5  a  1  3 2 10  b  1  3 4 35
0.5  a  1  3 2 35  b  1  3 4 10
0.5  a  1  3 4 10  b  1  3 2 35
0.5  a  1  3 4 35  b  1  3 2 10
6
0.57735026918962584  a  1  3 2 4  b  1  3 10 35
0.57735026918962584  a  1  3 10 35  b  1  3 2 4
0.28867513459481292  a  1  3 2 10  b  1  3 4 35
0.28867513459481292  a  1  3 4 35  b  1  3 2 10
-0.28867513459481292  a  1  3 2 35  b  1  3 4 10
-0.28867513459481292  a  1  3 4 10  b  1  3 2 35
4
0.5  a  1  3 2 11  b  1  3 4 35
0.5  a  1  3 2 35  b  1  3 4 11
0.5  a  1  3 4 11  b  1  3 2 35
0.5  a  1  3 4 35  b  1  3 2 11
6
0.57735026918962584  a  1  3 2 4  b  1  3 11 35
0.57735026918962584  a  1  3 11 35  b  1  3 2 4
0.28867513459481292  a  1  3 2 11  b  1  3 4 35
0.28867513459481292  a  1  3 4 35  b  1  3 2 11
-0.28867513459481292  a  1  3 2 35  b  1  3 4 11
-0.28867513459481292  a  1  3 4 11  b  1  3 2 35
4
0.5  a  1  3 2 12  b  1  3 4 35
0.5  a  1  3 2 35  b  1  3 4 12
0.5  a  1  3 4 12  b  1  3 2 35
0.5  a  1  3 4 35  b  1  3 2 12
6
0.57735026918962584  a  1  3 2 4  b  1  3 12 35
0.57735026918962584  a  1  3 12 35  b  1  3 2 4
0.28867513459481292  a  1  3 2 12  b  1  3 4 35
0.28867513459481292  a  1  3 4 35  b  1  3 2 12
-0.28867513459481292  a  1  3 2 35  b  1  3 4 12
-0.28867513459481292  a  1  3 4 12  b  1  3 2 35
4
0.5  a  1  3 2 13  b  1  3 4 35
0.5  a  1  3 2 35  b  1  3 4 13
0.5  a  1  3 4 13  b  1  3 2 35
0.5  a  1  3 4 35  b  1  3 2 13
6
0.57735026918962584  a  1  3 2 4  b  1  3 13 35
0.57735026918962584  a  1  3 13 35  b  1  3 2 4
0.28867513459481292  a  1  3 2 13  b  1  3 4 35
0.28867513459481292  a  1  3 4 35  b  1  3 2 13
-0.28867513459481292  a  1  3 2 35  b  1  3 4 13
-0.28867513459481292  a  1  3 4 13  b  1  3 2 35
4
0.5  a  1  4 2 5  b  1  4 3 35
0.5  a  1  4 2 35  b  1  4 3 5
0.5  a  1  4 3 5  b  1  4 2 35
0.5  a  1  4 3 35  b  1  4 2 5
6
0.57735026918962584  a  1  4 2 3  b  1  4 5 35
0.57735026918962584  a  1  4 5 35  b  1  4 2 3
0.28867513459481292  a  1  4 2 5  b  1  4 3 35
0.28867513459481292  a  1  4 3 35  b  1  4 2 5
-0.28867513459481292  a  1  4 2 35  b  1  4 3 5
-0.28867513459481292  a  1  4 3 5  b  1  4 2 35
4
0.5  a  1  4 2 6  b  1  4 3 35
0.5  a  1  4 2 35  b  1  4 3 6
0.5  a  1  4 3 6  b  1  4 2 35
0.5  a  1  4 3 35  b  1  4 2 6
6
0.57735026918962584  a  1  4 2 3  b  1  4 6 35
0.57735026918962584  a  1  4 6 35  b  1  4 2 3
0.28867513459481292  a  1  4 2 6  b  1  4 3 35
0.28867513459481292  a  1  4 3 35  b  1  4 2 6
-0.28867513459481292  a  1  4 2 35  b  1  4 3 6
-0.28867513459481292  a  1  4 3 6  b  1  4 2 35
4
0.5  a  1  4 2 7  b  1  4 3 35
0.5  a  1  4 2 35  b  1  4 3 7
0.5  a  1  4 3 7  b  1  4 2 35
0.5  a  1  4 3 35  b  1  4 2 7
6
0.57735026918962584  a  1  4 2 3  b  1  4 7 35
0.57735026918962584  a  1  4 7 35  b  1  4 2 3
0.28867513459481292  a  1  4 2 7  b  1  4 3 35
0.28867513459481292  a  1  4 3 35  b  1  4 2 7
-0.28867513459481292  a  1  4 2 35  b  1  4 3 7
-0.28867513459481292  a  1  4 3 7  b  1  4 2 35
4
0.5  a  1  4 2 8  b  1  4 3 35
0.5  a  1  4 2 35  b  1  4 3 8
0.5  a  1  4 3 8  b  1  4 2 35
0.5  a  1  4 3 35  b  1  4 2 8
6
0.57735026918962584  a  1  4 2 3  b  1  4 8 35
0.57735026918962584  a  1  4 8 35  b  1  4 2 3
0.28867513459481292  a  1  4 2 8  b  1  4 3 35
0.28867513459481292  a  1  4 3 35  b  1  4 2 8
-0.28867513459481292  a  1  4 2 35  b  1  4 3 8
-0.28867513459481292  a  1  4 3 8  b  1  4 2 35
4
0.5  a  1  4 2 9  b  1  4 3 35
0.5  a  1  4 2 35  b  1  4 3 9
0.5  a  1  4 3 9  b  1  4 2 35
0.5  a  1  4 3 35  b  1  4 2 9
6
0.57735026918962584  a  1  4 2 3  b  1  4 9 35
0.57735026918962584  a  1  4 9 35  b  1  4 2 3
0.28867513459481292  a  1  4 2 9  b  1  4 3 35
0.28867513459481292  a  1  4 3 35  b  1  4 2 9
-0.28867513459481292  a  1  4 2 35  b  1  4 3 9
-0.28867513459481292  a  1  4 3 9  b  1  4 2 35
4
0.5  a  1  4 2 10  b  1  4 3 35
0.5  a  1  4 2 35  b  1  4 3 10
0.5  a  1  4 3 10  b  1  4 2 35
0.5  a  1  4 3 35  b  1  4 2 10
6
0.57735026918962584  a  1  4 2 3  b  1  4 10 35
0.57735026918962584  a  1  4 10 35  b  1  4 2 3
0.28867513459481292  a  1  4 2 10  b  1  4 3 35
0.28867513459481292  a  1  4 3 35  b  1  4 2 10
-0.28867513459481292  a  1  4 2 35  b  1  4 3 10
-0.28867513459481292  a  1  4 3 10  b  1  4 2 35
4
0.5  a  1  4 2 11  b  1  4 3 35
0.5  a  1  4 2 35  b  1  4 3 11
0.5  a  1  4 3 11  b  1  4 2 35
0.5  a  1  4 3 35  b  1  4 2 11
6
0.57735026918962584  a  1  4 2 3  b  1  4 11 35
0.57735026918962584  a  1  4 11 35  b  1  4 2 3
0.28867513459481292  a  1  4 2 11  b  1  4 3 35
0.28867513459481292  a  1  4 3 35  b  1  4 2 11
-0.28867513459481292  a  1  4 2 35  b  1  4 3 11
-0.28867513459481292  a  1  4 3 11  b  1  4 2 35
4
0.5  a  1  4 2 12  b  1  4 3 35
0.5  a  1  4 2 35  b  1  4 3 12
0.5  a  1  4 3 12  b  1  4 2 35
0.5  a  1  4 3 35  b  1  4 2 12
6
0.57735026918962584  a  1  4 2 3  b  1  4 12 35
0.57735026918962584  a  1  4 12 35  b  1  4 2 3
0.28867513459481292  a  1  4 2 12  b  1  4 3 35
0.28867513459481292  a  1  4 3 35  b  1  4 2 12
-0.28867513459481292  a  1  4 2 35  b  1  4 3 12
-0.28867513459481292  a  1  4 3 12  b  1  4 2 35
4
0.5  a  1  4 2 13  b  1  4 3 35
0.5  a  1  4 2 35  b  1  4 3 13
0.5  a  1  4 3 13  b  1  4 2 35
0.5  a  1  4 3 35  b  1  4 2 13
6
0.57735026918962584  a  1  4 2 3  b  1  4 13 35
0.57735026918962584  a  1  4 13 35  b  1  4 2 3
0.28867513459481292  a  1  4 2 13  b  1  4 3 35
0.28867513459481292  a  1  4 3 35  b  1  4 2 13
-0.28867513459481292  a  1  4 2 35  b  1  4 3 13
-0.28867513459481292  a  1  4 3 13  b  1  4 2 35
2
0.70710678118654746  a  1  2  3 5  b  1  2  3 35
0.70710678118654746  a  1  2  3 35  b  1  2  3 5
2
0.70710678118654746  a  1  2  3 6  b  1  2  3 35
0.70710678118654746  a  1  2  3 35  b  1  2  3 6
2
0.70710678118654746  a  1  2  3 7  b  1  2  3 35
0.70710678118654746  a  1  2  3 35  b  1  2  3 7
2
0.70710678118654746  a  1  2  3 8  b  1  2  3 35
0.70710678118654746  a  1  2  3 35  b  1  2  3 8
2
0.70710678118654746  a  1  2  3 9  b  1  2  3 35
0.70710678118654746  a  1  2  3 35  b  1  2  3 9
2
0.70710678118654746  a  1  2  3 10  b  1  2  3 35
0.70710678118654746  a  1  2  3 35  b  1  2  3 10
2
0.70710678118654746  a  1  2  3 11  b  1  2  3 35
0.70710678118654746  a  1  2  3 35  b  1  2  3 11
2
0.70710678118654746  a  1  2  3 12  b  1  2  3 35
0.70710678118654746  a  1  2  3 35  b  1  2  3 12
2
0.70710678118654746  a  1  2  3 13  b  1  2  3 35
0.70710678118654746  a  1  2  3 35  b  1  2  3 13
2
0.70710678118654746  a  1  2  4 5  b  1  2  4 35
0.70710678118654746  a  1  2  4 35  b  1  2  4 5
2
0.70710678118654746  a  1  2  4 6  b  1  2  4 35
0.70710678118654746  a  1  2  4 35  b  1  2  4 6
2
0.70710678118654746  a  1  2  4 7  b  1  2  4 35
0.70710678118654746  a  1  2  4 35  b  1  2  4 7
2
0.70710678118654746  a  1  2  4 8  b  1  2  4 35
0.70710678118654746  a  1  2  4 35  b  1  2  4 8
2
0.70710678118654746  a  1  2  4 9  b  1  2  4 35
0.70710678118654746  a  1  2  4 35  b  1  2  4 9
2
0.70710678118654746  a  1  2  4 10  b  1  2  4 35
0.70710678118654746  a  1  2  4 35  b  1  2  4 10
2
0.70710678118654746  a  1  2  4 11  b  1  2  4 35
0.70710678118654746  a  1  2  4 35  b  1  2  4 11
2
0.70710678118654746  a  1  2  4 12  b  1  2  4 35
0.70710678118654746  a  1  2  4 35  b  1  2  4 12
2
0.70710678118654746  a  1  2  4 13  b  1  2  4 35
0.70710678118654746  a  1  2  4 35  b  1  2  4 13
2
0.70710678118654746  a  1  3  4 5  b  1  3  4 35
0.70710678118654746  a  1  3  4 35  b  1  3  4 5
2
0.70710678118654746  a  1  3  4 6  b  1  3  4 35
0.70710678118654746  a  1  3  4 35  b  1  3  4 6
2
0.70710678118654746  a  1  3  4 7  b  1  3  4 35
0.70710678118654746  a  1  3  4 35  b  1  3  4 7
2
0.70710678118654746  a  1  3  4 8  b  1  3  4 35
0.70710678118654746  a  1  3  4 35  b  1  3  4 8
2
0.70710678118654746  a  1  3  4 9  b  1  3  4 35
0.70710678118654746  a  1  3  4 35  b  1  3  4 9
2
0.70710678118654746  a  1  3  4 10  b  1  3  4 35
0.70710678118654746  a  1  3  4 35  b  1  3  4 10
2
0.70710678118654746  a  1  3  4 11  b  1  3  4 35
0.70710678118654746  a  1  3  4 35  b  1  3  4 11
2
0.70710678118654746  a  1  3  4 12  b  1  3  4 35
0.70710678118654746  a  1  3  4 35  b  1  3  4 12
2
0.70710678118654746  a  1  3  4 13  b  1  3  4 35
0.70710678118654746  a  1  3  4 35  b  1  3  4 13
