9 0.000000000000001
 ci_ch3_decay 
4 4
9
2
0.70710678118654746  a  2  3  4 1  b  2  3  4 5
0.70710678118654746  a  2  3  4 5  b  2  3  4 1
2
0.70710678118654746  a  2  3  4 1  b  2  3  4 6
0.70710678118654746  a  2  3  4 6  b  2  3  4 1
2
0.70710678118654746  a  2  3  4 1  b  2  3  4 7
0.70710678118654746  a  2  3  4 7  b  2  3  4 1
2
0.70710678118654746  a  2  3  4 1  b  2  3  4 8
0.70710678118654746  a  2  3  4 8  b  2  3  4 1
2
0.70710678118654746  a  2  3  4 1  b  2  3  4 9
0.70710678118654746  a  2  3  4 9  b  2  3  4 1
2
0.70710678118654746  a  2  3  4 1  b  2  3  4 10
0.70710678118654746  a  2  3  4 10  b  2  3  4 1
2
0.70710678118654746  a  2  3  4 1  b  2  3  4 11
0.70710678118654746  a  2  3  4 11  b  2  3  4 1
2
0.70710678118654746  a  2  3  4 1  b  2  3  4 12
0.70710678118654746  a  2  3  4 12  b  2  3  4 1
2
0.70710678118654746  a  2  3  4 1  b  2  3  4 13
0.70710678118654746  a  2  3  4 13  b  2  3  4 1
