2
0.70710678118654746  a  1 2 4  b  1 3
0.70710678118654746  a  1 3 4  b  1 2
3
-0.40824829046386307  a  1 3 4  b  1 2
0.40824829046386307  a  1 2 4  b  1 3
0.81649658092772615  a  1 2 3  b  1 4
2
0.70710678118654746  a  1 2 5  b  1 3
0.70710678118654746  a  1 3 5  b  1 2
3
-0.40824829046386307  a  1 3 5  b  1 2
0.40824829046386307  a  1 2 5  b  1 3
0.81649658092772615  a  1 2 3  b  1 5
2
0.70710678118654746  a  1 2 6  b  1 3
0.70710678118654746  a  1 3 6  b  1 2
3
-0.40824829046386307  a  1 3 6  b  1 2
0.40824829046386307  a  1 2 6  b  1 3
0.81649658092772615  a  1 2 3  b  1 6
2
0.70710678118654746  a  1 2 7  b  1 3
0.70710678118654746  a  1 3 7  b  1 2
3
-0.40824829046386307  a  1 3 7  b  1 2
0.40824829046386307  a  1 2 7  b  1 3
0.81649658092772615  a  1 2 3  b  1 7
2
0.70710678118654746  a  1 2 8  b  1 3
0.70710678118654746  a  1 3 8  b  1 2
3
-0.40824829046386307  a  1 3 8  b  1 2
0.40824829046386307  a  1 2 8  b  1 3
0.81649658092772615  a  1 2 3  b  1 8
2
0.70710678118654746  a  1 2 9  b  1 3
0.70710678118654746  a  1 3 9  b  1 2
3
-0.40824829046386307  a  1 3 9  b  1 2
0.40824829046386307  a  1 2 9  b  1 3
0.81649658092772615  a  1 2 3  b  1 9
2
0.70710678118654746  a  1 2 10  b  1 3
0.70710678118654746  a  1 3 10  b  1 2
3
-0.40824829046386307  a  1 3 10  b  1 2
0.40824829046386307  a  1 2 10  b  1 3
0.81649658092772615  a  1 2 3  b  1 10
2
0.70710678118654746  a  1 2 11  b  1 3
0.70710678118654746  a  1 3 11  b  1 2
3
-0.40824829046386307  a  1 3 11  b  1 2
0.40824829046386307  a  1 2 11  b  1 3
0.81649658092772615  a  1 2 3  b  1 11
2
0.70710678118654746  a  1 2 12  b  1 3
0.70710678118654746  a  1 3 12  b  1 2
3
-0.40824829046386307  a  1 3 12  b  1 2
0.40824829046386307  a  1 2 12  b  1 3
0.81649658092772615  a  1 2 3  b  1 12
2
0.70710678118654746  a  1 2 13  b  1 3
0.70710678118654746  a  1 3 13  b  1 2
3
-0.40824829046386307  a  1 3 13  b  1 2
0.40824829046386307  a  1 2 13  b  1 3
0.81649658092772615  a  1 2 3  b  1 13
2
0.70710678118654746  a  1 2 14  b  1 3
0.70710678118654746  a  1 3 14  b  1 2
3
-0.40824829046386307  a  1 3 14  b  1 2
0.40824829046386307  a  1 2 14  b  1 3
0.81649658092772615  a  1 2 3  b  1 14
2
0.70710678118654746  a  1 2 15  b  1 3
0.70710678118654746  a  1 3 15  b  1 2
3
-0.40824829046386307  a  1 3 15  b  1 2
0.40824829046386307  a  1 2 15  b  1 3
0.81649658092772615  a  1 2 3  b  1 15
2
0.70710678118654746  a  1 2 16  b  1 3
0.70710678118654746  a  1 3 16  b  1 2
3
-0.40824829046386307  a  1 3 16  b  1 2
0.40824829046386307  a  1 2 16  b  1 3
0.81649658092772615  a  1 2 3  b  1 16
2
0.70710678118654746  a  1 2 17  b  1 3
0.70710678118654746  a  1 3 17  b  1 2
3
-0.40824829046386307  a  1 3 17  b  1 2
0.40824829046386307  a  1 2 17  b  1 3
0.81649658092772615  a  1 2 3  b  1 17
2
0.70710678118654746  a  1 2 18  b  1 3
0.70710678118654746  a  1 3 18  b  1 2
3
-0.40824829046386307  a  1 3 18  b  1 2
0.40824829046386307  a  1 2 18  b  1 3
0.81649658092772615  a  1 2 3  b  1 18
2
0.70710678118654746  a  1 2 19  b  1 3
0.70710678118654746  a  1 3 19  b  1 2
3
-0.40824829046386307  a  1 3 19  b  1 2
0.40824829046386307  a  1 2 19  b  1 3
0.81649658092772615  a  1 2 3  b  1 19
2
0.70710678118654746  a  1 2 20  b  1 3
0.70710678118654746  a  1 3 20  b  1 2
3
-0.40824829046386307  a  1 3 20  b  1 2
0.40824829046386307  a  1 2 20  b  1 3
0.81649658092772615  a  1 2 3  b  1 20
2
0.70710678118654746  a  1 2 21  b  1 3
0.70710678118654746  a  1 3 21  b  1 2
3
-0.40824829046386307  a  1 3 21  b  1 2
0.40824829046386307  a  1 2 21  b  1 3
0.81649658092772615  a  1 2 3  b  1 21
2
0.70710678118654746  a  1 2 22  b  1 3
0.70710678118654746  a  1 3 22  b  1 2
3
-0.40824829046386307  a  1 3 22  b  1 2
0.40824829046386307  a  1 2 22  b  1 3
0.81649658092772615  a  1 2 3  b  1 22
2
0.70710678118654746  a  1 2 23  b  1 3
0.70710678118654746  a  1 3 23  b  1 2
3
-0.40824829046386307  a  1 3 23  b  1 2
0.40824829046386307  a  1 2 23  b  1 3
0.81649658092772615  a  1 2 3  b  1 23
2
0.70710678118654746  a  1 2 24  b  1 3
0.70710678118654746  a  1 3 24  b  1 2
3
-0.40824829046386307  a  1 3 24  b  1 2
0.40824829046386307  a  1 2 24  b  1 3
0.81649658092772615  a  1 2 3  b  1 24
2
0.70710678118654746  a  1 2 25  b  1 3
0.70710678118654746  a  1 3 25  b  1 2
3
-0.40824829046386307  a  1 3 25  b  1 2
0.40824829046386307  a  1 2 25  b  1 3
0.81649658092772615  a  1 2 3  b  1 25
2
0.70710678118654746  a  1 2 26  b  1 3
0.70710678118654746  a  1 3 26  b  1 2
3
-0.40824829046386307  a  1 3 26  b  1 2
0.40824829046386307  a  1 2 26  b  1 3
0.81649658092772615  a  1 2 3  b  1 26
2
0.70710678118654746  a  1 2 27  b  1 3
0.70710678118654746  a  1 3 27  b  1 2
3
-0.40824829046386307  a  1 3 27  b  1 2
0.40824829046386307  a  1 2 27  b  1 3
0.81649658092772615  a  1 2 3  b  1 27
2
0.70710678118654746  a  1 2 28  b  1 3
0.70710678118654746  a  1 3 28  b  1 2
3
-0.40824829046386307  a  1 3 28  b  1 2
0.40824829046386307  a  1 2 28  b  1 3
0.81649658092772615  a  1 2 3  b  1 28
2
0.70710678118654746  a  1 2 29  b  1 3
0.70710678118654746  a  1 3 29  b  1 2
3
-0.40824829046386307  a  1 3 29  b  1 2
0.40824829046386307  a  1 2 29  b  1 3
0.81649658092772615  a  1 2 3  b  1 29
2
0.70710678118654746  a  1 2 30  b  1 3
0.70710678118654746  a  1 3 30  b  1 2
3
-0.40824829046386307  a  1 3 30  b  1 2
0.40824829046386307  a  1 2 30  b  1 3
0.81649658092772615  a  1 2 3  b  1 30
2
0.70710678118654746  a  1 2 31  b  1 3
0.70710678118654746  a  1 3 31  b  1 2
3
-0.40824829046386307  a  1 3 31  b  1 2
0.40824829046386307  a  1 2 31  b  1 3
0.81649658092772615  a  1 2 3  b  1 31
2
0.70710678118654746  a  1 2 32  b  1 3
0.70710678118654746  a  1 3 32  b  1 2
3
-0.40824829046386307  a  1 3 32  b  1 2
0.40824829046386307  a  1 2 32  b  1 3
0.81649658092772615  a  1 2 3  b  1 32
2
0.70710678118654746  a  1 2 33  b  1 3
0.70710678118654746  a  1 3 33  b  1 2
3
-0.40824829046386307  a  1 3 33  b  1 2
0.40824829046386307  a  1 2 33  b  1 3
0.81649658092772615  a  1 2 3  b  1 33
2
0.70710678118654746  a  1 2 34  b  1 3
0.70710678118654746  a  1 3 34  b  1 2
3
-0.40824829046386307  a  1 3 34  b  1 2
0.40824829046386307  a  1 2 34  b  1 3
0.81649658092772615  a  1 2 3  b  1 34
2
0.70710678118654746  a  1 2 35  b  1 3
0.70710678118654746  a  1 3 35  b  1 2
3
-0.40824829046386307  a  1 3 35  b  1 2
0.40824829046386307  a  1 2 35  b  1 3
0.81649658092772615  a  1 2 3  b  1 35
2
0.70710678118654746  a  1 2 36  b  1 3
0.70710678118654746  a  1 3 36  b  1 2
3
-0.40824829046386307  a  1 3 36  b  1 2
0.40824829046386307  a  1 2 36  b  1 3
0.81649658092772615  a  1 2 3  b  1 36
2
0.70710678118654746  a  1 2 37  b  1 3
0.70710678118654746  a  1 3 37  b  1 2
3
-0.40824829046386307  a  1 3 37  b  1 2
0.40824829046386307  a  1 2 37  b  1 3
0.81649658092772615  a  1 2 3  b  1 37
2
0.70710678118654746  a  1 2 38  b  1 3
0.70710678118654746  a  1 3 38  b  1 2
3
-0.40824829046386307  a  1 3 38  b  1 2
0.40824829046386307  a  1 2 38  b  1 3
0.81649658092772615  a  1 2 3  b  1 38
2
0.70710678118654746  a  1 2 39  b  1 3
0.70710678118654746  a  1 3 39  b  1 2
3
-0.40824829046386307  a  1 3 39  b  1 2
0.40824829046386307  a  1 2 39  b  1 3
0.81649658092772615  a  1 2 3  b  1 39
2
0.70710678118654746  a  1 2 40  b  1 3
0.70710678118654746  a  1 3 40  b  1 2
3
-0.40824829046386307  a  1 3 40  b  1 2
0.40824829046386307  a  1 2 40  b  1 3
0.81649658092772615  a  1 2 3  b  1 40
2
0.70710678118654746  a  1 2 41  b  1 3
0.70710678118654746  a  1 3 41  b  1 2
3
-0.40824829046386307  a  1 3 41  b  1 2
0.40824829046386307  a  1 2 41  b  1 3
0.81649658092772615  a  1 2 3  b  1 41
2
0.70710678118654746  a  1 2 42  b  1 3
0.70710678118654746  a  1 3 42  b  1 2
3
-0.40824829046386307  a  1 3 42  b  1 2
0.40824829046386307  a  1 2 42  b  1 3
0.81649658092772615  a  1 2 3  b  1 42
2
0.70710678118654746  a  1 2 43  b  1 3
0.70710678118654746  a  1 3 43  b  1 2
3
-0.40824829046386307  a  1 3 43  b  1 2
0.40824829046386307  a  1 2 43  b  1 3
0.81649658092772615  a  1 2 3  b  1 43
2
0.70710678118654746  a  1 2 44  b  1 3
0.70710678118654746  a  1 3 44  b  1 2
3
-0.40824829046386307  a  1 3 44  b  1 2
0.40824829046386307  a  1 2 44  b  1 3
0.81649658092772615  a  1 2 3  b  1 44
2
0.70710678118654746  a  1 2 45  b  1 3
0.70710678118654746  a  1 3 45  b  1 2
3
-0.40824829046386307  a  1 3 45  b  1 2
0.40824829046386307  a  1 2 45  b  1 3
0.81649658092772615  a  1 2 3  b  1 45
2
0.70710678118654746  a  1 2 46  b  1 3
0.70710678118654746  a  1 3 46  b  1 2
3
-0.40824829046386307  a  1 3 46  b  1 2
0.40824829046386307  a  1 2 46  b  1 3
0.81649658092772615  a  1 2 3  b  1 46
2
0.70710678118654746  a  1 2 47  b  1 3
0.70710678118654746  a  1 3 47  b  1 2
3
-0.40824829046386307  a  1 3 47  b  1 2
0.40824829046386307  a  1 2 47  b  1 3
0.81649658092772615  a  1 2 3  b  1 47
2
0.70710678118654746  a  1 2 48  b  1 3
0.70710678118654746  a  1 3 48  b  1 2
3
-0.40824829046386307  a  1 3 48  b  1 2
0.40824829046386307  a  1 2 48  b  1 3
0.81649658092772615  a  1 2 3  b  1 48
2
0.70710678118654746  a  1 2 49  b  1 3
0.70710678118654746  a  1 3 49  b  1 2
3
-0.40824829046386307  a  1 3 49  b  1 2
0.40824829046386307  a  1 2 49  b  1 3
0.81649658092772615  a  1 2 3  b  1 49
2
0.70710678118654746  a  1 2 50  b  1 3
0.70710678118654746  a  1 3 50  b  1 2
3
-0.40824829046386307  a  1 3 50  b  1 2
0.40824829046386307  a  1 2 50  b  1 3
0.81649658092772615  a  1 2 3  b  1 50
2
0.70710678118654746  a  1 2 51  b  1 3
0.70710678118654746  a  1 3 51  b  1 2
3
-0.40824829046386307  a  1 3 51  b  1 2
0.40824829046386307  a  1 2 51  b  1 3
0.81649658092772615  a  1 2 3  b  1 51
2
0.70710678118654746  a  1 2 52  b  1 3
0.70710678118654746  a  1 3 52  b  1 2
3
-0.40824829046386307  a  1 3 52  b  1 2
0.40824829046386307  a  1 2 52  b  1 3
0.81649658092772615  a  1 2 3  b  1 52
2
0.70710678118654746  a  1 2 53  b  1 3
0.70710678118654746  a  1 3 53  b  1 2
3
-0.40824829046386307  a  1 3 53  b  1 2
0.40824829046386307  a  1 2 53  b  1 3
0.81649658092772615  a  1 2 3  b  1 53
2
0.70710678118654746  a  1 2 54  b  1 3
0.70710678118654746  a  1 3 54  b  1 2
3
-0.40824829046386307  a  1 3 54  b  1 2
0.40824829046386307  a  1 2 54  b  1 3
0.81649658092772615  a  1 2 3  b  1 54
2
0.70710678118654746  a  1 2 55  b  1 3
0.70710678118654746  a  1 3 55  b  1 2
3
-0.40824829046386307  a  1 3 55  b  1 2
0.40824829046386307  a  1 2 55  b  1 3
0.81649658092772615  a  1 2 3  b  1 55
2
0.70710678118654746  a  1 2 56  b  1 3
0.70710678118654746  a  1 3 56  b  1 2
3
-0.40824829046386307  a  1 3 56  b  1 2
0.40824829046386307  a  1 2 56  b  1 3
0.81649658092772615  a  1 2 3  b  1 56
2
0.70710678118654746  a  1 2 57  b  1 3
0.70710678118654746  a  1 3 57  b  1 2
3
-0.40824829046386307  a  1 3 57  b  1 2
0.40824829046386307  a  1 2 57  b  1 3
0.81649658092772615  a  1 2 3  b  1 57
2
0.70710678118654746  a  1 2 58  b  1 3
0.70710678118654746  a  1 3 58  b  1 2
3
-0.40824829046386307  a  1 3 58  b  1 2
0.40824829046386307  a  1 2 58  b  1 3
0.81649658092772615  a  1 2 3  b  1 58
2
0.70710678118654746  a  1 2 59  b  1 3
0.70710678118654746  a  1 3 59  b  1 2
3
-0.40824829046386307  a  1 3 59  b  1 2
0.40824829046386307  a  1 2 59  b  1 3
0.81649658092772615  a  1 2 3  b  1 59
2
0.70710678118654746  a  1 2 60  b  1 3
0.70710678118654746  a  1 3 60  b  1 2
3
-0.40824829046386307  a  1 3 60  b  1 2
0.40824829046386307  a  1 2 60  b  1 3
0.81649658092772615  a  1 2 3  b  1 60
2
0.70710678118654746  a  1 2 61  b  1 3
0.70710678118654746  a  1 3 61  b  1 2
3
-0.40824829046386307  a  1 3 61  b  1 2
0.40824829046386307  a  1 2 61  b  1 3
0.81649658092772615  a  1 2 3  b  1 61
2
0.70710678118654746  a  1 2 62  b  1 3
0.70710678118654746  a  1 3 62  b  1 2
3
-0.40824829046386307  a  1 3 62  b  1 2
0.40824829046386307  a  1 2 62  b  1 3
0.81649658092772615  a  1 2 3  b  1 62
2
0.70710678118654746  a  1 2 63  b  1 3
0.70710678118654746  a  1 3 63  b  1 2
3
-0.40824829046386307  a  1 3 63  b  1 2
0.40824829046386307  a  1 2 63  b  1 3
0.81649658092772615  a  1 2 3  b  1 63
2
0.70710678118654746  a  1 2 64  b  1 3
0.70710678118654746  a  1 3 64  b  1 2
3
-0.40824829046386307  a  1 3 64  b  1 2
0.40824829046386307  a  1 2 64  b  1 3
0.81649658092772615  a  1 2 3  b  1 64
2
0.70710678118654746  a  1 2 65  b  1 3
0.70710678118654746  a  1 3 65  b  1 2
3
-0.40824829046386307  a  1 3 65  b  1 2
0.40824829046386307  a  1 2 65  b  1 3
0.81649658092772615  a  1 2 3  b  1 65
2
0.70710678118654746  a  1 2 66  b  1 3
0.70710678118654746  a  1 3 66  b  1 2
3
-0.40824829046386307  a  1 3 66  b  1 2
0.40824829046386307  a  1 2 66  b  1 3
0.81649658092772615  a  1 2 3  b  1 66
2
0.70710678118654746  a  1 2 67  b  1 3
0.70710678118654746  a  1 3 67  b  1 2
3
-0.40824829046386307  a  1 3 67  b  1 2
0.40824829046386307  a  1 2 67  b  1 3
0.81649658092772615  a  1 2 3  b  1 67
2
0.70710678118654746  a  1 2 68  b  1 3
0.70710678118654746  a  1 3 68  b  1 2
3
-0.40824829046386307  a  1 3 68  b  1 2
0.40824829046386307  a  1 2 68  b  1 3
0.81649658092772615  a  1 2 3  b  1 68
2
0.70710678118654746  a  1 2 69  b  1 3
0.70710678118654746  a  1 3 69  b  1 2
3
-0.40824829046386307  a  1 3 69  b  1 2
0.40824829046386307  a  1 2 69  b  1 3
0.81649658092772615  a  1 2 3  b  1 69
2
0.70710678118654746  a  1 2 70  b  1 3
0.70710678118654746  a  1 3 70  b  1 2
3
-0.40824829046386307  a  1 3 70  b  1 2
0.40824829046386307  a  1 2 70  b  1 3
0.81649658092772615  a  1 2 3  b  1 70
2
0.70710678118654746  a  1 2 71  b  1 3
0.70710678118654746  a  1 3 71  b  1 2
3
-0.40824829046386307  a  1 3 71  b  1 2
0.40824829046386307  a  1 2 71  b  1 3
0.81649658092772615  a  1 2 3  b  1 71
2
0.70710678118654746  a  1 2 72  b  1 3
0.70710678118654746  a  1 3 72  b  1 2
3
-0.40824829046386307  a  1 3 72  b  1 2
0.40824829046386307  a  1 2 72  b  1 3
0.81649658092772615  a  1 2 3  b  1 72
2
0.70710678118654746  a  1 2 73  b  1 3
0.70710678118654746  a  1 3 73  b  1 2
3
-0.40824829046386307  a  1 3 73  b  1 2
0.40824829046386307  a  1 2 73  b  1 3
0.81649658092772615  a  1 2 3  b  1 73
2
0.70710678118654746  a  1 2 74  b  1 3
0.70710678118654746  a  1 3 74  b  1 2
3
-0.40824829046386307  a  1 3 74  b  1 2
0.40824829046386307  a  1 2 74  b  1 3
0.81649658092772615  a  1 2 3  b  1 74
2
0.70710678118654746  a  1 2 75  b  1 3
0.70710678118654746  a  1 3 75  b  1 2
3
-0.40824829046386307  a  1 3 75  b  1 2
0.40824829046386307  a  1 2 75  b  1 3
0.81649658092772615  a  1 2 3  b  1 75
2
0.70710678118654746  a  1 2 76  b  1 3
0.70710678118654746  a  1 3 76  b  1 2
3
-0.40824829046386307  a  1 3 76  b  1 2
0.40824829046386307  a  1 2 76  b  1 3
0.81649658092772615  a  1 2 3  b  1 76
2
0.70710678118654746  a  1 2 77  b  1 3
0.70710678118654746  a  1 3 77  b  1 2
3
-0.40824829046386307  a  1 3 77  b  1 2
0.40824829046386307  a  1 2 77  b  1 3
0.81649658092772615  a  1 2 3  b  1 77
2
0.70710678118654746  a  1 2 78  b  1 3
0.70710678118654746  a  1 3 78  b  1 2
3
-0.40824829046386307  a  1 3 78  b  1 2
0.40824829046386307  a  1 2 78  b  1 3
0.81649658092772615  a  1 2 3  b  1 78
2
0.70710678118654746  a  1 2 79  b  1 3
0.70710678118654746  a  1 3 79  b  1 2
3
-0.40824829046386307  a  1 3 79  b  1 2
0.40824829046386307  a  1 2 79  b  1 3
0.81649658092772615  a  1 2 3  b  1 79
2
0.70710678118654746  a  1 2 80  b  1 3
0.70710678118654746  a  1 3 80  b  1 2
3
-0.40824829046386307  a  1 3 80  b  1 2
0.40824829046386307  a  1 2 80  b  1 3
0.81649658092772615  a  1 2 3  b  1 80
2
0.70710678118654746  a  1 2 81  b  1 3
0.70710678118654746  a  1 3 81  b  1 2
3
-0.40824829046386307  a  1 3 81  b  1 2
0.40824829046386307  a  1 2 81  b  1 3
0.81649658092772615  a  1 2 3  b  1 81
2
0.70710678118654746  a  1 2 82  b  1 3
0.70710678118654746  a  1 3 82  b  1 2
3
-0.40824829046386307  a  1 3 82  b  1 2
0.40824829046386307  a  1 2 82  b  1 3
0.81649658092772615  a  1 2 3  b  1 82
2
0.70710678118654746  a  1 2 83  b  1 3
0.70710678118654746  a  1 3 83  b  1 2
3
-0.40824829046386307  a  1 3 83  b  1 2
0.40824829046386307  a  1 2 83  b  1 3
0.81649658092772615  a  1 2 3  b  1 83
2
0.70710678118654746  a  1 2 84  b  1 3
0.70710678118654746  a  1 3 84  b  1 2
3
-0.40824829046386307  a  1 3 84  b  1 2
0.40824829046386307  a  1 2 84  b  1 3
0.81649658092772615  a  1 2 3  b  1 84
2
0.70710678118654746  a  1 2 85  b  1 3
0.70710678118654746  a  1 3 85  b  1 2
3
-0.40824829046386307  a  1 3 85  b  1 2
0.40824829046386307  a  1 2 85  b  1 3
0.81649658092772615  a  1 2 3  b  1 85
2
0.70710678118654746  a  1 2 86  b  1 3
0.70710678118654746  a  1 3 86  b  1 2
3
-0.40824829046386307  a  1 3 86  b  1 2
0.40824829046386307  a  1 2 86  b  1 3
0.81649658092772615  a  1 2 3  b  1 86
2
0.70710678118654746  a  1 2 87  b  1 3
0.70710678118654746  a  1 3 87  b  1 2
3
-0.40824829046386307  a  1 3 87  b  1 2
0.40824829046386307  a  1 2 87  b  1 3
0.81649658092772615  a  1 2 3  b  1 87
2
0.70710678118654746  a  1 2 88  b  1 3
0.70710678118654746  a  1 3 88  b  1 2
3
-0.40824829046386307  a  1 3 88  b  1 2
0.40824829046386307  a  1 2 88  b  1 3
0.81649658092772615  a  1 2 3  b  1 88
2
0.70710678118654746  a  1 2 89  b  1 3
0.70710678118654746  a  1 3 89  b  1 2
3
-0.40824829046386307  a  1 3 89  b  1 2
0.40824829046386307  a  1 2 89  b  1 3
0.81649658092772615  a  1 2 3  b  1 89
2
0.70710678118654746  a  1 2 90  b  1 3
0.70710678118654746  a  1 3 90  b  1 2
3
-0.40824829046386307  a  1 3 90  b  1 2
0.40824829046386307  a  1 2 90  b  1 3
0.81649658092772615  a  1 2 3  b  1 90
2
0.70710678118654746  a  1 2 91  b  1 3
0.70710678118654746  a  1 3 91  b  1 2
3
-0.40824829046386307  a  1 3 91  b  1 2
0.40824829046386307  a  1 2 91  b  1 3
0.81649658092772615  a  1 2 3  b  1 91
2
0.70710678118654746  a  1 2 92  b  1 3
0.70710678118654746  a  1 3 92  b  1 2
3
-0.40824829046386307  a  1 3 92  b  1 2
0.40824829046386307  a  1 2 92  b  1 3
0.81649658092772615  a  1 2 3  b  1 92
2
0.70710678118654746  a  1 2 93  b  1 3
0.70710678118654746  a  1 3 93  b  1 2
3
-0.40824829046386307  a  1 3 93  b  1 2
0.40824829046386307  a  1 2 93  b  1 3
0.81649658092772615  a  1 2 3  b  1 93
2
0.70710678118654746  a  1 2 94  b  1 3
0.70710678118654746  a  1 3 94  b  1 2
3
-0.40824829046386307  a  1 3 94  b  1 2
0.40824829046386307  a  1 2 94  b  1 3
0.81649658092772615  a  1 2 3  b  1 94
2
0.70710678118654746  a  1 2 95  b  1 3
0.70710678118654746  a  1 3 95  b  1 2
3
-0.40824829046386307  a  1 3 95  b  1 2
0.40824829046386307  a  1 2 95  b  1 3
0.81649658092772615  a  1 2 3  b  1 95
2
0.70710678118654746  a  1 2 96  b  1 3
0.70710678118654746  a  1 3 96  b  1 2
3
-0.40824829046386307  a  1 3 96  b  1 2
0.40824829046386307  a  1 2 96  b  1 3
0.81649658092772615  a  1 2 3  b  1 96
2
0.70710678118654746  a  1 2 97  b  1 3
0.70710678118654746  a  1 3 97  b  1 2
3
-0.40824829046386307  a  1 3 97  b  1 2
0.40824829046386307  a  1 2 97  b  1 3
0.81649658092772615  a  1 2 3  b  1 97
2
0.70710678118654746  a  1 2 98  b  1 3
0.70710678118654746  a  1 3 98  b  1 2
3
-0.40824829046386307  a  1 3 98  b  1 2
0.40824829046386307  a  1 2 98  b  1 3
0.81649658092772615  a  1 2 3  b  1 98
2
0.70710678118654746  a  1 2 99  b  1 3
0.70710678118654746  a  1 3 99  b  1 2
3
-0.40824829046386307  a  1 3 99  b  1 2
0.40824829046386307  a  1 2 99  b  1 3
0.81649658092772615  a  1 2 3  b  1 99
2
0.70710678118654746  a  1 2 100  b  1 3
0.70710678118654746  a  1 3 100  b  1 2
3
-0.40824829046386307  a  1 3 100  b  1 2
0.40824829046386307  a  1 2 100  b  1 3
0.81649658092772615  a  1 2 3  b  1 100
2
0.70710678118654746  a  1 2 5  b  1 4
0.70710678118654746  a  1 4 5  b  1 2
3
-0.40824829046386307  a  1 4 5  b  1 2
0.40824829046386307  a  1 2 5  b  1 4
0.81649658092772615  a  1 2 4  b  1 5
2
0.70710678118654746  a  1 2 6  b  1 4
0.70710678118654746  a  1 4 6  b  1 2
3
-0.40824829046386307  a  1 4 6  b  1 2
0.40824829046386307  a  1 2 6  b  1 4
0.81649658092772615  a  1 2 4  b  1 6
2
0.70710678118654746  a  1 2 7  b  1 4
0.70710678118654746  a  1 4 7  b  1 2
3
-0.40824829046386307  a  1 4 7  b  1 2
0.40824829046386307  a  1 2 7  b  1 4
0.81649658092772615  a  1 2 4  b  1 7
2
0.70710678118654746  a  1 2 8  b  1 4
0.70710678118654746  a  1 4 8  b  1 2
3
-0.40824829046386307  a  1 4 8  b  1 2
0.40824829046386307  a  1 2 8  b  1 4
0.81649658092772615  a  1 2 4  b  1 8
2
0.70710678118654746  a  1 2 9  b  1 4
0.70710678118654746  a  1 4 9  b  1 2
3
-0.40824829046386307  a  1 4 9  b  1 2
0.40824829046386307  a  1 2 9  b  1 4
0.81649658092772615  a  1 2 4  b  1 9
2
0.70710678118654746  a  1 2 10  b  1 4
0.70710678118654746  a  1 4 10  b  1 2
3
-0.40824829046386307  a  1 4 10  b  1 2
0.40824829046386307  a  1 2 10  b  1 4
0.81649658092772615  a  1 2 4  b  1 10
2
0.70710678118654746  a  1 2 11  b  1 4
0.70710678118654746  a  1 4 11  b  1 2
3
-0.40824829046386307  a  1 4 11  b  1 2
0.40824829046386307  a  1 2 11  b  1 4
0.81649658092772615  a  1 2 4  b  1 11
2
0.70710678118654746  a  1 2 12  b  1 4
0.70710678118654746  a  1 4 12  b  1 2
3
-0.40824829046386307  a  1 4 12  b  1 2
0.40824829046386307  a  1 2 12  b  1 4
0.81649658092772615  a  1 2 4  b  1 12
2
0.70710678118654746  a  1 2 13  b  1 4
0.70710678118654746  a  1 4 13  b  1 2
3
-0.40824829046386307  a  1 4 13  b  1 2
0.40824829046386307  a  1 2 13  b  1 4
0.81649658092772615  a  1 2 4  b  1 13
2
0.70710678118654746  a  1 2 14  b  1 4
0.70710678118654746  a  1 4 14  b  1 2
3
-0.40824829046386307  a  1 4 14  b  1 2
0.40824829046386307  a  1 2 14  b  1 4
0.81649658092772615  a  1 2 4  b  1 14
2
0.70710678118654746  a  1 2 15  b  1 4
0.70710678118654746  a  1 4 15  b  1 2
3
-0.40824829046386307  a  1 4 15  b  1 2
0.40824829046386307  a  1 2 15  b  1 4
0.81649658092772615  a  1 2 4  b  1 15
2
0.70710678118654746  a  1 2 16  b  1 4
0.70710678118654746  a  1 4 16  b  1 2
3
-0.40824829046386307  a  1 4 16  b  1 2
0.40824829046386307  a  1 2 16  b  1 4
0.81649658092772615  a  1 2 4  b  1 16
2
0.70710678118654746  a  1 2 17  b  1 4
0.70710678118654746  a  1 4 17  b  1 2
3
-0.40824829046386307  a  1 4 17  b  1 2
0.40824829046386307  a  1 2 17  b  1 4
0.81649658092772615  a  1 2 4  b  1 17
2
0.70710678118654746  a  1 2 18  b  1 4
0.70710678118654746  a  1 4 18  b  1 2
3
-0.40824829046386307  a  1 4 18  b  1 2
0.40824829046386307  a  1 2 18  b  1 4
0.81649658092772615  a  1 2 4  b  1 18
2
0.70710678118654746  a  1 2 19  b  1 4
0.70710678118654746  a  1 4 19  b  1 2
3
-0.40824829046386307  a  1 4 19  b  1 2
0.40824829046386307  a  1 2 19  b  1 4
0.81649658092772615  a  1 2 4  b  1 19
2
0.70710678118654746  a  1 2 20  b  1 4
0.70710678118654746  a  1 4 20  b  1 2
3
-0.40824829046386307  a  1 4 20  b  1 2
0.40824829046386307  a  1 2 20  b  1 4
0.81649658092772615  a  1 2 4  b  1 20
2
0.70710678118654746  a  1 2 21  b  1 4
0.70710678118654746  a  1 4 21  b  1 2
3
-0.40824829046386307  a  1 4 21  b  1 2
0.40824829046386307  a  1 2 21  b  1 4
0.81649658092772615  a  1 2 4  b  1 21
2
0.70710678118654746  a  1 2 22  b  1 4
0.70710678118654746  a  1 4 22  b  1 2
3
-0.40824829046386307  a  1 4 22  b  1 2
0.40824829046386307  a  1 2 22  b  1 4
0.81649658092772615  a  1 2 4  b  1 22
2
0.70710678118654746  a  1 2 23  b  1 4
0.70710678118654746  a  1 4 23  b  1 2
3
-0.40824829046386307  a  1 4 23  b  1 2
0.40824829046386307  a  1 2 23  b  1 4
0.81649658092772615  a  1 2 4  b  1 23
1
1.0  a  1  4 2  b  1  4
2
0.70710678118654746  a  1 2 6  b  1 5
0.70710678118654746  a  1 5 6  b  1 2
3
-0.40824829046386307  a  1 5 6  b  1 2
0.40824829046386307  a  1 2 6  b  1 5
0.81649658092772615  a  1 2 5  b  1 6
2
0.70710678118654746  a  1 2 7  b  1 5
0.70710678118654746  a  1 5 7  b  1 2
3
-0.40824829046386307  a  1 5 7  b  1 2
0.40824829046386307  a  1 2 7  b  1 5
0.81649658092772615  a  1 2 5  b  1 7
2
0.70710678118654746  a  1 2 8  b  1 5
0.70710678118654746  a  1 5 8  b  1 2
3
-0.40824829046386307  a  1 5 8  b  1 2
0.40824829046386307  a  1 2 8  b  1 5
0.81649658092772615  a  1 2 5  b  1 8
2
0.70710678118654746  a  1 2 9  b  1 5
0.70710678118654746  a  1 5 9  b  1 2
3
-0.40824829046386307  a  1 5 9  b  1 2
0.40824829046386307  a  1 2 9  b  1 5
0.81649658092772615  a  1 2 5  b  1 9
2
0.70710678118654746  a  1 2 10  b  1 5
0.70710678118654746  a  1 5 10  b  1 2
3
-0.40824829046386307  a  1 5 10  b  1 2
0.40824829046386307  a  1 2 10  b  1 5
0.81649658092772615  a  1 2 5  b  1 10
2
0.70710678118654746  a  1 2 11  b  1 5
0.70710678118654746  a  1 5 11  b  1 2
3
-0.40824829046386307  a  1 5 11  b  1 2
0.40824829046386307  a  1 2 11  b  1 5
0.81649658092772615  a  1 2 5  b  1 11
2
0.70710678118654746  a  1 2 12  b  1 5
0.70710678118654746  a  1 5 12  b  1 2
3
-0.40824829046386307  a  1 5 12  b  1 2
0.40824829046386307  a  1 2 12  b  1 5
0.81649658092772615  a  1 2 5  b  1 12
2
0.70710678118654746  a  1 2 13  b  1 5
0.70710678118654746  a  1 5 13  b  1 2
3
-0.40824829046386307  a  1 5 13  b  1 2
0.40824829046386307  a  1 2 13  b  1 5
0.81649658092772615  a  1 2 5  b  1 13
2
0.70710678118654746  a  1 2 14  b  1 5
0.70710678118654746  a  1 5 14  b  1 2
3
-0.40824829046386307  a  1 5 14  b  1 2
0.40824829046386307  a  1 2 14  b  1 5
0.81649658092772615  a  1 2 5  b  1 14
2
0.70710678118654746  a  1 2 15  b  1 5
0.70710678118654746  a  1 5 15  b  1 2
3
-0.40824829046386307  a  1 5 15  b  1 2
0.40824829046386307  a  1 2 15  b  1 5
0.81649658092772615  a  1 2 5  b  1 15
2
0.70710678118654746  a  1 2 16  b  1 5
0.70710678118654746  a  1 5 16  b  1 2
3
-0.40824829046386307  a  1 5 16  b  1 2
0.40824829046386307  a  1 2 16  b  1 5
0.81649658092772615  a  1 2 5  b  1 16
2
0.70710678118654746  a  1 2 17  b  1 5
0.70710678118654746  a  1 5 17  b  1 2
3
-0.40824829046386307  a  1 5 17  b  1 2
0.40824829046386307  a  1 2 17  b  1 5
0.81649658092772615  a  1 2 5  b  1 17
2
0.70710678118654746  a  1 2 18  b  1 5
0.70710678118654746  a  1 5 18  b  1 2
3
-0.40824829046386307  a  1 5 18  b  1 2
0.40824829046386307  a  1 2 18  b  1 5
0.81649658092772615  a  1 2 5  b  1 18
2
0.70710678118654746  a  1 2 19  b  1 5
0.70710678118654746  a  1 5 19  b  1 2
3
-0.40824829046386307  a  1 5 19  b  1 2
0.40824829046386307  a  1 2 19  b  1 5
0.81649658092772615  a  1 2 5  b  1 19
2
0.70710678118654746  a  1 2 20  b  1 5
0.70710678118654746  a  1 5 20  b  1 2
3
-0.40824829046386307  a  1 5 20  b  1 2
0.40824829046386307  a  1 2 20  b  1 5
0.81649658092772615  a  1 2 5  b  1 20
2
0.70710678118654746  a  1 2 21  b  1 5
0.70710678118654746  a  1 5 21  b  1 2
3
-0.40824829046386307  a  1 5 21  b  1 2
0.40824829046386307  a  1 2 21  b  1 5
0.81649658092772615  a  1 2 5  b  1 21
2
0.70710678118654746  a  1 2 22  b  1 5
0.70710678118654746  a  1 5 22  b  1 2
3
-0.40824829046386307  a  1 5 22  b  1 2
0.40824829046386307  a  1 2 22  b  1 5
0.81649658092772615  a  1 2 5  b  1 22
2
0.70710678118654746  a  1 2 23  b  1 5
0.70710678118654746  a  1 5 23  b  1 2
3
-0.40824829046386307  a  1 5 23  b  1 2
0.40824829046386307  a  1 2 23  b  1 5
0.81649658092772615  a  1 2 5  b  1 23
1
1.0  a  1  5 2  b  1  5
2
0.70710678118654746  a  1 2 7  b  1 6
0.70710678118654746  a  1 6 7  b  1 2
3
-0.40824829046386307  a  1 6 7  b  1 2
0.40824829046386307  a  1 2 7  b  1 6
0.81649658092772615  a  1 2 6  b  1 7
2
0.70710678118654746  a  1 2 8  b  1 6
0.70710678118654746  a  1 6 8  b  1 2
3
-0.40824829046386307  a  1 6 8  b  1 2
0.40824829046386307  a  1 2 8  b  1 6
0.81649658092772615  a  1 2 6  b  1 8
2
0.70710678118654746  a  1 2 9  b  1 6
0.70710678118654746  a  1 6 9  b  1 2
3
-0.40824829046386307  a  1 6 9  b  1 2
0.40824829046386307  a  1 2 9  b  1 6
0.81649658092772615  a  1 2 6  b  1 9
2
0.70710678118654746  a  1 2 10  b  1 6
0.70710678118654746  a  1 6 10  b  1 2
3
-0.40824829046386307  a  1 6 10  b  1 2
0.40824829046386307  a  1 2 10  b  1 6
0.81649658092772615  a  1 2 6  b  1 10
2
0.70710678118654746  a  1 2 11  b  1 6
0.70710678118654746  a  1 6 11  b  1 2
3
-0.40824829046386307  a  1 6 11  b  1 2
0.40824829046386307  a  1 2 11  b  1 6
0.81649658092772615  a  1 2 6  b  1 11
2
0.70710678118654746  a  1 2 12  b  1 6
0.70710678118654746  a  1 6 12  b  1 2
3
-0.40824829046386307  a  1 6 12  b  1 2
0.40824829046386307  a  1 2 12  b  1 6
0.81649658092772615  a  1 2 6  b  1 12
2
0.70710678118654746  a  1 2 13  b  1 6
0.70710678118654746  a  1 6 13  b  1 2
3
-0.40824829046386307  a  1 6 13  b  1 2
0.40824829046386307  a  1 2 13  b  1 6
0.81649658092772615  a  1 2 6  b  1 13
2
0.70710678118654746  a  1 2 14  b  1 6
0.70710678118654746  a  1 6 14  b  1 2
3
-0.40824829046386307  a  1 6 14  b  1 2
0.40824829046386307  a  1 2 14  b  1 6
0.81649658092772615  a  1 2 6  b  1 14
2
0.70710678118654746  a  1 2 15  b  1 6
0.70710678118654746  a  1 6 15  b  1 2
3
-0.40824829046386307  a  1 6 15  b  1 2
0.40824829046386307  a  1 2 15  b  1 6
0.81649658092772615  a  1 2 6  b  1 15
2
0.70710678118654746  a  1 2 16  b  1 6
0.70710678118654746  a  1 6 16  b  1 2
3
-0.40824829046386307  a  1 6 16  b  1 2
0.40824829046386307  a  1 2 16  b  1 6
0.81649658092772615  a  1 2 6  b  1 16
2
0.70710678118654746  a  1 2 17  b  1 6
0.70710678118654746  a  1 6 17  b  1 2
3
-0.40824829046386307  a  1 6 17  b  1 2
0.40824829046386307  a  1 2 17  b  1 6
0.81649658092772615  a  1 2 6  b  1 17
2
0.70710678118654746  a  1 2 18  b  1 6
0.70710678118654746  a  1 6 18  b  1 2
3
-0.40824829046386307  a  1 6 18  b  1 2
0.40824829046386307  a  1 2 18  b  1 6
0.81649658092772615  a  1 2 6  b  1 18
2
0.70710678118654746  a  1 2 19  b  1 6
0.70710678118654746  a  1 6 19  b  1 2
3
-0.40824829046386307  a  1 6 19  b  1 2
0.40824829046386307  a  1 2 19  b  1 6
0.81649658092772615  a  1 2 6  b  1 19
2
0.70710678118654746  a  1 2 20  b  1 6
0.70710678118654746  a  1 6 20  b  1 2
3
-0.40824829046386307  a  1 6 20  b  1 2
0.40824829046386307  a  1 2 20  b  1 6
0.81649658092772615  a  1 2 6  b  1 20
2
0.70710678118654746  a  1 2 21  b  1 6
0.70710678118654746  a  1 6 21  b  1 2
3
-0.40824829046386307  a  1 6 21  b  1 2
0.40824829046386307  a  1 2 21  b  1 6
0.81649658092772615  a  1 2 6  b  1 21
2
0.70710678118654746  a  1 2 22  b  1 6
0.70710678118654746  a  1 6 22  b  1 2
3
-0.40824829046386307  a  1 6 22  b  1 2
0.40824829046386307  a  1 2 22  b  1 6
0.81649658092772615  a  1 2 6  b  1 22
2
0.70710678118654746  a  1 2 23  b  1 6
0.70710678118654746  a  1 6 23  b  1 2
3
-0.40824829046386307  a  1 6 23  b  1 2
0.40824829046386307  a  1 2 23  b  1 6
0.81649658092772615  a  1 2 6  b  1 23
1
1.0  a  1  6 2  b  1  6
2
0.70710678118654746  a  1 2 8  b  1 7
0.70710678118654746  a  1 7 8  b  1 2
3
-0.40824829046386307  a  1 7 8  b  1 2
0.40824829046386307  a  1 2 8  b  1 7
0.81649658092772615  a  1 2 7  b  1 8
2
0.70710678118654746  a  1 2 9  b  1 7
0.70710678118654746  a  1 7 9  b  1 2
3
-0.40824829046386307  a  1 7 9  b  1 2
0.40824829046386307  a  1 2 9  b  1 7
0.81649658092772615  a  1 2 7  b  1 9
2
0.70710678118654746  a  1 2 10  b  1 7
0.70710678118654746  a  1 7 10  b  1 2
3
-0.40824829046386307  a  1 7 10  b  1 2
0.40824829046386307  a  1 2 10  b  1 7
0.81649658092772615  a  1 2 7  b  1 10
2
0.70710678118654746  a  1 2 11  b  1 7
0.70710678118654746  a  1 7 11  b  1 2
3
-0.40824829046386307  a  1 7 11  b  1 2
0.40824829046386307  a  1 2 11  b  1 7
0.81649658092772615  a  1 2 7  b  1 11
2
0.70710678118654746  a  1 2 12  b  1 7
0.70710678118654746  a  1 7 12  b  1 2
3
-0.40824829046386307  a  1 7 12  b  1 2
0.40824829046386307  a  1 2 12  b  1 7
0.81649658092772615  a  1 2 7  b  1 12
2
0.70710678118654746  a  1 2 13  b  1 7
0.70710678118654746  a  1 7 13  b  1 2
3
-0.40824829046386307  a  1 7 13  b  1 2
0.40824829046386307  a  1 2 13  b  1 7
0.81649658092772615  a  1 2 7  b  1 13
2
0.70710678118654746  a  1 2 14  b  1 7
0.70710678118654746  a  1 7 14  b  1 2
3
-0.40824829046386307  a  1 7 14  b  1 2
0.40824829046386307  a  1 2 14  b  1 7
0.81649658092772615  a  1 2 7  b  1 14
2
0.70710678118654746  a  1 2 15  b  1 7
0.70710678118654746  a  1 7 15  b  1 2
3
-0.40824829046386307  a  1 7 15  b  1 2
0.40824829046386307  a  1 2 15  b  1 7
0.81649658092772615  a  1 2 7  b  1 15
2
0.70710678118654746  a  1 2 16  b  1 7
0.70710678118654746  a  1 7 16  b  1 2
3
-0.40824829046386307  a  1 7 16  b  1 2
0.40824829046386307  a  1 2 16  b  1 7
0.81649658092772615  a  1 2 7  b  1 16
2
0.70710678118654746  a  1 2 17  b  1 7
0.70710678118654746  a  1 7 17  b  1 2
3
-0.40824829046386307  a  1 7 17  b  1 2
0.40824829046386307  a  1 2 17  b  1 7
0.81649658092772615  a  1 2 7  b  1 17
2
0.70710678118654746  a  1 2 18  b  1 7
0.70710678118654746  a  1 7 18  b  1 2
3
-0.40824829046386307  a  1 7 18  b  1 2
0.40824829046386307  a  1 2 18  b  1 7
0.81649658092772615  a  1 2 7  b  1 18
2
0.70710678118654746  a  1 2 19  b  1 7
0.70710678118654746  a  1 7 19  b  1 2
3
-0.40824829046386307  a  1 7 19  b  1 2
0.40824829046386307  a  1 2 19  b  1 7
0.81649658092772615  a  1 2 7  b  1 19
2
0.70710678118654746  a  1 2 20  b  1 7
0.70710678118654746  a  1 7 20  b  1 2
3
-0.40824829046386307  a  1 7 20  b  1 2
0.40824829046386307  a  1 2 20  b  1 7
0.81649658092772615  a  1 2 7  b  1 20
2
0.70710678118654746  a  1 2 21  b  1 7
0.70710678118654746  a  1 7 21  b  1 2
3
-0.40824829046386307  a  1 7 21  b  1 2
0.40824829046386307  a  1 2 21  b  1 7
0.81649658092772615  a  1 2 7  b  1 21
2
0.70710678118654746  a  1 2 22  b  1 7
0.70710678118654746  a  1 7 22  b  1 2
3
-0.40824829046386307  a  1 7 22  b  1 2
0.40824829046386307  a  1 2 22  b  1 7
0.81649658092772615  a  1 2 7  b  1 22
2
0.70710678118654746  a  1 2 23  b  1 7
0.70710678118654746  a  1 7 23  b  1 2
3
-0.40824829046386307  a  1 7 23  b  1 2
0.40824829046386307  a  1 2 23  b  1 7
0.81649658092772615  a  1 2 7  b  1 23
1
1.0  a  1  7 2  b  1  7
2
0.70710678118654746  a  1 2 9  b  1 8
0.70710678118654746  a  1 8 9  b  1 2
3
-0.40824829046386307  a  1 8 9  b  1 2
0.40824829046386307  a  1 2 9  b  1 8
0.81649658092772615  a  1 2 8  b  1 9
2
0.70710678118654746  a  1 2 10  b  1 8
0.70710678118654746  a  1 8 10  b  1 2
3
-0.40824829046386307  a  1 8 10  b  1 2
0.40824829046386307  a  1 2 10  b  1 8
0.81649658092772615  a  1 2 8  b  1 10
2
0.70710678118654746  a  1 2 11  b  1 8
0.70710678118654746  a  1 8 11  b  1 2
3
-0.40824829046386307  a  1 8 11  b  1 2
0.40824829046386307  a  1 2 11  b  1 8
0.81649658092772615  a  1 2 8  b  1 11
2
0.70710678118654746  a  1 2 12  b  1 8
0.70710678118654746  a  1 8 12  b  1 2
3
-0.40824829046386307  a  1 8 12  b  1 2
0.40824829046386307  a  1 2 12  b  1 8
0.81649658092772615  a  1 2 8  b  1 12
2
0.70710678118654746  a  1 2 13  b  1 8
0.70710678118654746  a  1 8 13  b  1 2
3
-0.40824829046386307  a  1 8 13  b  1 2
0.40824829046386307  a  1 2 13  b  1 8
0.81649658092772615  a  1 2 8  b  1 13
2
0.70710678118654746  a  1 2 14  b  1 8
0.70710678118654746  a  1 8 14  b  1 2
3
-0.40824829046386307  a  1 8 14  b  1 2
0.40824829046386307  a  1 2 14  b  1 8
0.81649658092772615  a  1 2 8  b  1 14
2
0.70710678118654746  a  1 2 15  b  1 8
0.70710678118654746  a  1 8 15  b  1 2
3
-0.40824829046386307  a  1 8 15  b  1 2
0.40824829046386307  a  1 2 15  b  1 8
0.81649658092772615  a  1 2 8  b  1 15
2
0.70710678118654746  a  1 2 16  b  1 8
0.70710678118654746  a  1 8 16  b  1 2
3
-0.40824829046386307  a  1 8 16  b  1 2
0.40824829046386307  a  1 2 16  b  1 8
0.81649658092772615  a  1 2 8  b  1 16
2
0.70710678118654746  a  1 2 17  b  1 8
0.70710678118654746  a  1 8 17  b  1 2
3
-0.40824829046386307  a  1 8 17  b  1 2
0.40824829046386307  a  1 2 17  b  1 8
0.81649658092772615  a  1 2 8  b  1 17
2
0.70710678118654746  a  1 2 18  b  1 8
0.70710678118654746  a  1 8 18  b  1 2
3
-0.40824829046386307  a  1 8 18  b  1 2
0.40824829046386307  a  1 2 18  b  1 8
0.81649658092772615  a  1 2 8  b  1 18
2
0.70710678118654746  a  1 2 19  b  1 8
0.70710678118654746  a  1 8 19  b  1 2
3
-0.40824829046386307  a  1 8 19  b  1 2
0.40824829046386307  a  1 2 19  b  1 8
0.81649658092772615  a  1 2 8  b  1 19
2
0.70710678118654746  a  1 2 20  b  1 8
0.70710678118654746  a  1 8 20  b  1 2
3
-0.40824829046386307  a  1 8 20  b  1 2
0.40824829046386307  a  1 2 20  b  1 8
0.81649658092772615  a  1 2 8  b  1 20
2
0.70710678118654746  a  1 2 21  b  1 8
0.70710678118654746  a  1 8 21  b  1 2
3
-0.40824829046386307  a  1 8 21  b  1 2
0.40824829046386307  a  1 2 21  b  1 8
0.81649658092772615  a  1 2 8  b  1 21
2
0.70710678118654746  a  1 2 22  b  1 8
0.70710678118654746  a  1 8 22  b  1 2
3
-0.40824829046386307  a  1 8 22  b  1 2
0.40824829046386307  a  1 2 22  b  1 8
0.81649658092772615  a  1 2 8  b  1 22
2
0.70710678118654746  a  1 2 23  b  1 8
0.70710678118654746  a  1 8 23  b  1 2
3
-0.40824829046386307  a  1 8 23  b  1 2
0.40824829046386307  a  1 2 23  b  1 8
0.81649658092772615  a  1 2 8  b  1 23
1
1.0  a  1  8 2  b  1  8
2
0.70710678118654746  a  1 2 10  b  1 9
0.70710678118654746  a  1 9 10  b  1 2
3
-0.40824829046386307  a  1 9 10  b  1 2
0.40824829046386307  a  1 2 10  b  1 9
0.81649658092772615  a  1 2 9  b  1 10
2
0.70710678118654746  a  1 2 11  b  1 9
0.70710678118654746  a  1 9 11  b  1 2
3
-0.40824829046386307  a  1 9 11  b  1 2
0.40824829046386307  a  1 2 11  b  1 9
0.81649658092772615  a  1 2 9  b  1 11
2
0.70710678118654746  a  1 2 12  b  1 9
0.70710678118654746  a  1 9 12  b  1 2
3
-0.40824829046386307  a  1 9 12  b  1 2
0.40824829046386307  a  1 2 12  b  1 9
0.81649658092772615  a  1 2 9  b  1 12
2
0.70710678118654746  a  1 2 13  b  1 9
0.70710678118654746  a  1 9 13  b  1 2
3
-0.40824829046386307  a  1 9 13  b  1 2
0.40824829046386307  a  1 2 13  b  1 9
0.81649658092772615  a  1 2 9  b  1 13
2
0.70710678118654746  a  1 2 14  b  1 9
0.70710678118654746  a  1 9 14  b  1 2
3
-0.40824829046386307  a  1 9 14  b  1 2
0.40824829046386307  a  1 2 14  b  1 9
0.81649658092772615  a  1 2 9  b  1 14
2
0.70710678118654746  a  1 2 15  b  1 9
0.70710678118654746  a  1 9 15  b  1 2
3
-0.40824829046386307  a  1 9 15  b  1 2
0.40824829046386307  a  1 2 15  b  1 9
0.81649658092772615  a  1 2 9  b  1 15
2
0.70710678118654746  a  1 2 16  b  1 9
0.70710678118654746  a  1 9 16  b  1 2
3
-0.40824829046386307  a  1 9 16  b  1 2
0.40824829046386307  a  1 2 16  b  1 9
0.81649658092772615  a  1 2 9  b  1 16
2
0.70710678118654746  a  1 2 17  b  1 9
0.70710678118654746  a  1 9 17  b  1 2
3
-0.40824829046386307  a  1 9 17  b  1 2
0.40824829046386307  a  1 2 17  b  1 9
0.81649658092772615  a  1 2 9  b  1 17
2
0.70710678118654746  a  1 2 18  b  1 9
0.70710678118654746  a  1 9 18  b  1 2
3
-0.40824829046386307  a  1 9 18  b  1 2
0.40824829046386307  a  1 2 18  b  1 9
0.81649658092772615  a  1 2 9  b  1 18
2
0.70710678118654746  a  1 2 19  b  1 9
0.70710678118654746  a  1 9 19  b  1 2
3
-0.40824829046386307  a  1 9 19  b  1 2
0.40824829046386307  a  1 2 19  b  1 9
0.81649658092772615  a  1 2 9  b  1 19
2
0.70710678118654746  a  1 2 20  b  1 9
0.70710678118654746  a  1 9 20  b  1 2
3
-0.40824829046386307  a  1 9 20  b  1 2
0.40824829046386307  a  1 2 20  b  1 9
0.81649658092772615  a  1 2 9  b  1 20
2
0.70710678118654746  a  1 2 21  b  1 9
0.70710678118654746  a  1 9 21  b  1 2
3
-0.40824829046386307  a  1 9 21  b  1 2
0.40824829046386307  a  1 2 21  b  1 9
0.81649658092772615  a  1 2 9  b  1 21
2
0.70710678118654746  a  1 2 22  b  1 9
0.70710678118654746  a  1 9 22  b  1 2
3
-0.40824829046386307  a  1 9 22  b  1 2
0.40824829046386307  a  1 2 22  b  1 9
0.81649658092772615  a  1 2 9  b  1 22
2
0.70710678118654746  a  1 2 23  b  1 9
0.70710678118654746  a  1 9 23  b  1 2
3
-0.40824829046386307  a  1 9 23  b  1 2
0.40824829046386307  a  1 2 23  b  1 9
0.81649658092772615  a  1 2 9  b  1 23
1
1.0  a  1  9 2  b  1  9
2
0.70710678118654746  a  1 2 11  b  1 10
0.70710678118654746  a  1 10 11  b  1 2
3
-0.40824829046386307  a  1 10 11  b  1 2
0.40824829046386307  a  1 2 11  b  1 10
0.81649658092772615  a  1 2 10  b  1 11
2
0.70710678118654746  a  1 2 12  b  1 10
0.70710678118654746  a  1 10 12  b  1 2
3
-0.40824829046386307  a  1 10 12  b  1 2
0.40824829046386307  a  1 2 12  b  1 10
0.81649658092772615  a  1 2 10  b  1 12
2
0.70710678118654746  a  1 2 13  b  1 10
0.70710678118654746  a  1 10 13  b  1 2
3
-0.40824829046386307  a  1 10 13  b  1 2
0.40824829046386307  a  1 2 13  b  1 10
0.81649658092772615  a  1 2 10  b  1 13
2
0.70710678118654746  a  1 2 14  b  1 10
0.70710678118654746  a  1 10 14  b  1 2
3
-0.40824829046386307  a  1 10 14  b  1 2
0.40824829046386307  a  1 2 14  b  1 10
0.81649658092772615  a  1 2 10  b  1 14
2
0.70710678118654746  a  1 2 15  b  1 10
0.70710678118654746  a  1 10 15  b  1 2
3
-0.40824829046386307  a  1 10 15  b  1 2
0.40824829046386307  a  1 2 15  b  1 10
0.81649658092772615  a  1 2 10  b  1 15
2
0.70710678118654746  a  1 2 16  b  1 10
0.70710678118654746  a  1 10 16  b  1 2
3
-0.40824829046386307  a  1 10 16  b  1 2
0.40824829046386307  a  1 2 16  b  1 10
0.81649658092772615  a  1 2 10  b  1 16
2
0.70710678118654746  a  1 2 17  b  1 10
0.70710678118654746  a  1 10 17  b  1 2
3
-0.40824829046386307  a  1 10 17  b  1 2
0.40824829046386307  a  1 2 17  b  1 10
0.81649658092772615  a  1 2 10  b  1 17
2
0.70710678118654746  a  1 2 18  b  1 10
0.70710678118654746  a  1 10 18  b  1 2
3
-0.40824829046386307  a  1 10 18  b  1 2
0.40824829046386307  a  1 2 18  b  1 10
0.81649658092772615  a  1 2 10  b  1 18
2
0.70710678118654746  a  1 2 19  b  1 10
0.70710678118654746  a  1 10 19  b  1 2
3
-0.40824829046386307  a  1 10 19  b  1 2
0.40824829046386307  a  1 2 19  b  1 10
0.81649658092772615  a  1 2 10  b  1 19
2
0.70710678118654746  a  1 2 20  b  1 10
0.70710678118654746  a  1 10 20  b  1 2
3
-0.40824829046386307  a  1 10 20  b  1 2
0.40824829046386307  a  1 2 20  b  1 10
0.81649658092772615  a  1 2 10  b  1 20
2
0.70710678118654746  a  1 2 21  b  1 10
0.70710678118654746  a  1 10 21  b  1 2
3
-0.40824829046386307  a  1 10 21  b  1 2
0.40824829046386307  a  1 2 21  b  1 10
0.81649658092772615  a  1 2 10  b  1 21
2
0.70710678118654746  a  1 2 22  b  1 10
0.70710678118654746  a  1 10 22  b  1 2
3
-0.40824829046386307  a  1 10 22  b  1 2
0.40824829046386307  a  1 2 22  b  1 10
0.81649658092772615  a  1 2 10  b  1 22
2
0.70710678118654746  a  1 2 23  b  1 10
0.70710678118654746  a  1 10 23  b  1 2
3
-0.40824829046386307  a  1 10 23  b  1 2
0.40824829046386307  a  1 2 23  b  1 10
0.81649658092772615  a  1 2 10  b  1 23
1
1.0  a  1  10 2  b  1  10
2
0.70710678118654746  a  1 2 12  b  1 11
0.70710678118654746  a  1 11 12  b  1 2
3
-0.40824829046386307  a  1 11 12  b  1 2
0.40824829046386307  a  1 2 12  b  1 11
0.81649658092772615  a  1 2 11  b  1 12
2
0.70710678118654746  a  1 2 13  b  1 11
0.70710678118654746  a  1 11 13  b  1 2
3
-0.40824829046386307  a  1 11 13  b  1 2
0.40824829046386307  a  1 2 13  b  1 11
0.81649658092772615  a  1 2 11  b  1 13
2
0.70710678118654746  a  1 2 14  b  1 11
0.70710678118654746  a  1 11 14  b  1 2
3
-0.40824829046386307  a  1 11 14  b  1 2
0.40824829046386307  a  1 2 14  b  1 11
0.81649658092772615  a  1 2 11  b  1 14
2
0.70710678118654746  a  1 2 15  b  1 11
0.70710678118654746  a  1 11 15  b  1 2
3
-0.40824829046386307  a  1 11 15  b  1 2
0.40824829046386307  a  1 2 15  b  1 11
0.81649658092772615  a  1 2 11  b  1 15
2
0.70710678118654746  a  1 2 16  b  1 11
0.70710678118654746  a  1 11 16  b  1 2
3
-0.40824829046386307  a  1 11 16  b  1 2
0.40824829046386307  a  1 2 16  b  1 11
0.81649658092772615  a  1 2 11  b  1 16
2
0.70710678118654746  a  1 2 17  b  1 11
0.70710678118654746  a  1 11 17  b  1 2
3
-0.40824829046386307  a  1 11 17  b  1 2
0.40824829046386307  a  1 2 17  b  1 11
0.81649658092772615  a  1 2 11  b  1 17
2
0.70710678118654746  a  1 2 18  b  1 11
0.70710678118654746  a  1 11 18  b  1 2
3
-0.40824829046386307  a  1 11 18  b  1 2
0.40824829046386307  a  1 2 18  b  1 11
0.81649658092772615  a  1 2 11  b  1 18
2
0.70710678118654746  a  1 2 19  b  1 11
0.70710678118654746  a  1 11 19  b  1 2
3
-0.40824829046386307  a  1 11 19  b  1 2
0.40824829046386307  a  1 2 19  b  1 11
0.81649658092772615  a  1 2 11  b  1 19
2
0.70710678118654746  a  1 2 20  b  1 11
0.70710678118654746  a  1 11 20  b  1 2
3
-0.40824829046386307  a  1 11 20  b  1 2
0.40824829046386307  a  1 2 20  b  1 11
0.81649658092772615  a  1 2 11  b  1 20
2
0.70710678118654746  a  1 2 21  b  1 11
0.70710678118654746  a  1 11 21  b  1 2
3
-0.40824829046386307  a  1 11 21  b  1 2
0.40824829046386307  a  1 2 21  b  1 11
0.81649658092772615  a  1 2 11  b  1 21
2
0.70710678118654746  a  1 2 22  b  1 11
0.70710678118654746  a  1 11 22  b  1 2
3
-0.40824829046386307  a  1 11 22  b  1 2
0.40824829046386307  a  1 2 22  b  1 11
0.81649658092772615  a  1 2 11  b  1 22
2
0.70710678118654746  a  1 2 23  b  1 11
0.70710678118654746  a  1 11 23  b  1 2
3
-0.40824829046386307  a  1 11 23  b  1 2
0.40824829046386307  a  1 2 23  b  1 11
0.81649658092772615  a  1 2 11  b  1 23
1
1.0  a  1  11 2  b  1  11
2
0.70710678118654746  a  1 2 13  b  1 12
0.70710678118654746  a  1 12 13  b  1 2
3
-0.40824829046386307  a  1 12 13  b  1 2
0.40824829046386307  a  1 2 13  b  1 12
0.81649658092772615  a  1 2 12  b  1 13
2
0.70710678118654746  a  1 2 14  b  1 12
0.70710678118654746  a  1 12 14  b  1 2
3
-0.40824829046386307  a  1 12 14  b  1 2
0.40824829046386307  a  1 2 14  b  1 12
0.81649658092772615  a  1 2 12  b  1 14
2
0.70710678118654746  a  1 2 15  b  1 12
0.70710678118654746  a  1 12 15  b  1 2
3
-0.40824829046386307  a  1 12 15  b  1 2
0.40824829046386307  a  1 2 15  b  1 12
0.81649658092772615  a  1 2 12  b  1 15
2
0.70710678118654746  a  1 2 16  b  1 12
0.70710678118654746  a  1 12 16  b  1 2
3
-0.40824829046386307  a  1 12 16  b  1 2
0.40824829046386307  a  1 2 16  b  1 12
0.81649658092772615  a  1 2 12  b  1 16
2
0.70710678118654746  a  1 2 17  b  1 12
0.70710678118654746  a  1 12 17  b  1 2
3
-0.40824829046386307  a  1 12 17  b  1 2
0.40824829046386307  a  1 2 17  b  1 12
0.81649658092772615  a  1 2 12  b  1 17
2
0.70710678118654746  a  1 2 18  b  1 12
0.70710678118654746  a  1 12 18  b  1 2
3
-0.40824829046386307  a  1 12 18  b  1 2
0.40824829046386307  a  1 2 18  b  1 12
0.81649658092772615  a  1 2 12  b  1 18
2
0.70710678118654746  a  1 2 19  b  1 12
0.70710678118654746  a  1 12 19  b  1 2
3
-0.40824829046386307  a  1 12 19  b  1 2
0.40824829046386307  a  1 2 19  b  1 12
0.81649658092772615  a  1 2 12  b  1 19
2
0.70710678118654746  a  1 2 20  b  1 12
0.70710678118654746  a  1 12 20  b  1 2
3
-0.40824829046386307  a  1 12 20  b  1 2
0.40824829046386307  a  1 2 20  b  1 12
0.81649658092772615  a  1 2 12  b  1 20
2
0.70710678118654746  a  1 2 21  b  1 12
0.70710678118654746  a  1 12 21  b  1 2
3
-0.40824829046386307  a  1 12 21  b  1 2
0.40824829046386307  a  1 2 21  b  1 12
0.81649658092772615  a  1 2 12  b  1 21
2
0.70710678118654746  a  1 2 22  b  1 12
0.70710678118654746  a  1 12 22  b  1 2
3
-0.40824829046386307  a  1 12 22  b  1 2
0.40824829046386307  a  1 2 22  b  1 12
0.81649658092772615  a  1 2 12  b  1 22
2
0.70710678118654746  a  1 2 23  b  1 12
0.70710678118654746  a  1 12 23  b  1 2
3
-0.40824829046386307  a  1 12 23  b  1 2
0.40824829046386307  a  1 2 23  b  1 12
0.81649658092772615  a  1 2 12  b  1 23
1
1.0  a  1  12 2  b  1  12
2
0.70710678118654746  a  1 2 14  b  1 13
0.70710678118654746  a  1 13 14  b  1 2
3
-0.40824829046386307  a  1 13 14  b  1 2
0.40824829046386307  a  1 2 14  b  1 13
0.81649658092772615  a  1 2 13  b  1 14
2
0.70710678118654746  a  1 2 15  b  1 13
0.70710678118654746  a  1 13 15  b  1 2
3
-0.40824829046386307  a  1 13 15  b  1 2
0.40824829046386307  a  1 2 15  b  1 13
0.81649658092772615  a  1 2 13  b  1 15
2
0.70710678118654746  a  1 2 16  b  1 13
0.70710678118654746  a  1 13 16  b  1 2
3
-0.40824829046386307  a  1 13 16  b  1 2
0.40824829046386307  a  1 2 16  b  1 13
0.81649658092772615  a  1 2 13  b  1 16
2
0.70710678118654746  a  1 2 17  b  1 13
0.70710678118654746  a  1 13 17  b  1 2
3
-0.40824829046386307  a  1 13 17  b  1 2
0.40824829046386307  a  1 2 17  b  1 13
0.81649658092772615  a  1 2 13  b  1 17
2
0.70710678118654746  a  1 2 18  b  1 13
0.70710678118654746  a  1 13 18  b  1 2
3
-0.40824829046386307  a  1 13 18  b  1 2
0.40824829046386307  a  1 2 18  b  1 13
0.81649658092772615  a  1 2 13  b  1 18
2
0.70710678118654746  a  1 2 19  b  1 13
0.70710678118654746  a  1 13 19  b  1 2
3
-0.40824829046386307  a  1 13 19  b  1 2
0.40824829046386307  a  1 2 19  b  1 13
0.81649658092772615  a  1 2 13  b  1 19
2
0.70710678118654746  a  1 2 20  b  1 13
0.70710678118654746  a  1 13 20  b  1 2
3
-0.40824829046386307  a  1 13 20  b  1 2
0.40824829046386307  a  1 2 20  b  1 13
0.81649658092772615  a  1 2 13  b  1 20
2
0.70710678118654746  a  1 2 21  b  1 13
0.70710678118654746  a  1 13 21  b  1 2
3
-0.40824829046386307  a  1 13 21  b  1 2
0.40824829046386307  a  1 2 21  b  1 13
0.81649658092772615  a  1 2 13  b  1 21
2
0.70710678118654746  a  1 2 22  b  1 13
0.70710678118654746  a  1 13 22  b  1 2
3
-0.40824829046386307  a  1 13 22  b  1 2
0.40824829046386307  a  1 2 22  b  1 13
0.81649658092772615  a  1 2 13  b  1 22
2
0.70710678118654746  a  1 2 23  b  1 13
0.70710678118654746  a  1 13 23  b  1 2
3
-0.40824829046386307  a  1 13 23  b  1 2
0.40824829046386307  a  1 2 23  b  1 13
0.81649658092772615  a  1 2 13  b  1 23
1
1.0  a  1  13 2  b  1  13
2
0.70710678118654746  a  1 2 15  b  1 14
0.70710678118654746  a  1 14 15  b  1 2
3
-0.40824829046386307  a  1 14 15  b  1 2
0.40824829046386307  a  1 2 15  b  1 14
0.81649658092772615  a  1 2 14  b  1 15
2
0.70710678118654746  a  1 2 16  b  1 14
0.70710678118654746  a  1 14 16  b  1 2
3
-0.40824829046386307  a  1 14 16  b  1 2
0.40824829046386307  a  1 2 16  b  1 14
0.81649658092772615  a  1 2 14  b  1 16
2
0.70710678118654746  a  1 2 17  b  1 14
0.70710678118654746  a  1 14 17  b  1 2
3
-0.40824829046386307  a  1 14 17  b  1 2
0.40824829046386307  a  1 2 17  b  1 14
0.81649658092772615  a  1 2 14  b  1 17
2
0.70710678118654746  a  1 2 18  b  1 14
0.70710678118654746  a  1 14 18  b  1 2
3
-0.40824829046386307  a  1 14 18  b  1 2
0.40824829046386307  a  1 2 18  b  1 14
0.81649658092772615  a  1 2 14  b  1 18
2
0.70710678118654746  a  1 2 19  b  1 14
0.70710678118654746  a  1 14 19  b  1 2
3
-0.40824829046386307  a  1 14 19  b  1 2
0.40824829046386307  a  1 2 19  b  1 14
0.81649658092772615  a  1 2 14  b  1 19
2
0.70710678118654746  a  1 2 20  b  1 14
0.70710678118654746  a  1 14 20  b  1 2
3
-0.40824829046386307  a  1 14 20  b  1 2
0.40824829046386307  a  1 2 20  b  1 14
0.81649658092772615  a  1 2 14  b  1 20
2
0.70710678118654746  a  1 2 21  b  1 14
0.70710678118654746  a  1 14 21  b  1 2
3
-0.40824829046386307  a  1 14 21  b  1 2
0.40824829046386307  a  1 2 21  b  1 14
0.81649658092772615  a  1 2 14  b  1 21
2
0.70710678118654746  a  1 2 22  b  1 14
0.70710678118654746  a  1 14 22  b  1 2
3
-0.40824829046386307  a  1 14 22  b  1 2
0.40824829046386307  a  1 2 22  b  1 14
0.81649658092772615  a  1 2 14  b  1 22
2
0.70710678118654746  a  1 2 23  b  1 14
0.70710678118654746  a  1 14 23  b  1 2
3
-0.40824829046386307  a  1 14 23  b  1 2
0.40824829046386307  a  1 2 23  b  1 14
0.81649658092772615  a  1 2 14  b  1 23
1
1.0  a  1  14 2  b  1  14
2
0.70710678118654746  a  1 2 16  b  1 15
0.70710678118654746  a  1 15 16  b  1 2
3
-0.40824829046386307  a  1 15 16  b  1 2
0.40824829046386307  a  1 2 16  b  1 15
0.81649658092772615  a  1 2 15  b  1 16
2
0.70710678118654746  a  1 2 17  b  1 15
0.70710678118654746  a  1 15 17  b  1 2
3
-0.40824829046386307  a  1 15 17  b  1 2
0.40824829046386307  a  1 2 17  b  1 15
0.81649658092772615  a  1 2 15  b  1 17
2
0.70710678118654746  a  1 2 18  b  1 15
0.70710678118654746  a  1 15 18  b  1 2
3
-0.40824829046386307  a  1 15 18  b  1 2
0.40824829046386307  a  1 2 18  b  1 15
0.81649658092772615  a  1 2 15  b  1 18
2
0.70710678118654746  a  1 2 19  b  1 15
0.70710678118654746  a  1 15 19  b  1 2
3
-0.40824829046386307  a  1 15 19  b  1 2
0.40824829046386307  a  1 2 19  b  1 15
0.81649658092772615  a  1 2 15  b  1 19
2
0.70710678118654746  a  1 2 20  b  1 15
0.70710678118654746  a  1 15 20  b  1 2
3
-0.40824829046386307  a  1 15 20  b  1 2
0.40824829046386307  a  1 2 20  b  1 15
0.81649658092772615  a  1 2 15  b  1 20
2
0.70710678118654746  a  1 2 21  b  1 15
0.70710678118654746  a  1 15 21  b  1 2
3
-0.40824829046386307  a  1 15 21  b  1 2
0.40824829046386307  a  1 2 21  b  1 15
0.81649658092772615  a  1 2 15  b  1 21
2
0.70710678118654746  a  1 2 22  b  1 15
0.70710678118654746  a  1 15 22  b  1 2
3
-0.40824829046386307  a  1 15 22  b  1 2
0.40824829046386307  a  1 2 22  b  1 15
0.81649658092772615  a  1 2 15  b  1 22
2
0.70710678118654746  a  1 2 23  b  1 15
0.70710678118654746  a  1 15 23  b  1 2
3
-0.40824829046386307  a  1 15 23  b  1 2
0.40824829046386307  a  1 2 23  b  1 15
0.81649658092772615  a  1 2 15  b  1 23
1
1.0  a  1  15 2  b  1  15
2
0.70710678118654746  a  1 2 17  b  1 16
0.70710678118654746  a  1 16 17  b  1 2
3
-0.40824829046386307  a  1 16 17  b  1 2
0.40824829046386307  a  1 2 17  b  1 16
0.81649658092772615  a  1 2 16  b  1 17
2
0.70710678118654746  a  1 2 18  b  1 16
0.70710678118654746  a  1 16 18  b  1 2
3
-0.40824829046386307  a  1 16 18  b  1 2
0.40824829046386307  a  1 2 18  b  1 16
0.81649658092772615  a  1 2 16  b  1 18
2
0.70710678118654746  a  1 2 19  b  1 16
0.70710678118654746  a  1 16 19  b  1 2
3
-0.40824829046386307  a  1 16 19  b  1 2
0.40824829046386307  a  1 2 19  b  1 16
0.81649658092772615  a  1 2 16  b  1 19
2
0.70710678118654746  a  1 2 20  b  1 16
0.70710678118654746  a  1 16 20  b  1 2
3
-0.40824829046386307  a  1 16 20  b  1 2
0.40824829046386307  a  1 2 20  b  1 16
0.81649658092772615  a  1 2 16  b  1 20
2
0.70710678118654746  a  1 2 21  b  1 16
0.70710678118654746  a  1 16 21  b  1 2
3
-0.40824829046386307  a  1 16 21  b  1 2
0.40824829046386307  a  1 2 21  b  1 16
0.81649658092772615  a  1 2 16  b  1 21
2
0.70710678118654746  a  1 2 22  b  1 16
0.70710678118654746  a  1 16 22  b  1 2
3
-0.40824829046386307  a  1 16 22  b  1 2
0.40824829046386307  a  1 2 22  b  1 16
0.81649658092772615  a  1 2 16  b  1 22
2
0.70710678118654746  a  1 2 23  b  1 16
0.70710678118654746  a  1 16 23  b  1 2
3
-0.40824829046386307  a  1 16 23  b  1 2
0.40824829046386307  a  1 2 23  b  1 16
0.81649658092772615  a  1 2 16  b  1 23
1
1.0  a  1  16 2  b  1  16
2
0.70710678118654746  a  1 2 18  b  1 17
0.70710678118654746  a  1 17 18  b  1 2
3
-0.40824829046386307  a  1 17 18  b  1 2
0.40824829046386307  a  1 2 18  b  1 17
0.81649658092772615  a  1 2 17  b  1 18
2
0.70710678118654746  a  1 2 19  b  1 17
0.70710678118654746  a  1 17 19  b  1 2
3
-0.40824829046386307  a  1 17 19  b  1 2
0.40824829046386307  a  1 2 19  b  1 17
0.81649658092772615  a  1 2 17  b  1 19
2
0.70710678118654746  a  1 2 20  b  1 17
0.70710678118654746  a  1 17 20  b  1 2
3
-0.40824829046386307  a  1 17 20  b  1 2
0.40824829046386307  a  1 2 20  b  1 17
0.81649658092772615  a  1 2 17  b  1 20
2
0.70710678118654746  a  1 2 21  b  1 17
0.70710678118654746  a  1 17 21  b  1 2
3
-0.40824829046386307  a  1 17 21  b  1 2
0.40824829046386307  a  1 2 21  b  1 17
0.81649658092772615  a  1 2 17  b  1 21
2
0.70710678118654746  a  1 2 22  b  1 17
0.70710678118654746  a  1 17 22  b  1 2
3
-0.40824829046386307  a  1 17 22  b  1 2
0.40824829046386307  a  1 2 22  b  1 17
0.81649658092772615  a  1 2 17  b  1 22
2
0.70710678118654746  a  1 2 23  b  1 17
0.70710678118654746  a  1 17 23  b  1 2
3
-0.40824829046386307  a  1 17 23  b  1 2
0.40824829046386307  a  1 2 23  b  1 17
0.81649658092772615  a  1 2 17  b  1 23
1
1.0  a  1  17 2  b  1  17
2
0.70710678118654746  a  1 2 19  b  1 18
0.70710678118654746  a  1 18 19  b  1 2
3
-0.40824829046386307  a  1 18 19  b  1 2
0.40824829046386307  a  1 2 19  b  1 18
0.81649658092772615  a  1 2 18  b  1 19
2
0.70710678118654746  a  1 2 20  b  1 18
0.70710678118654746  a  1 18 20  b  1 2
3
-0.40824829046386307  a  1 18 20  b  1 2
0.40824829046386307  a  1 2 20  b  1 18
0.81649658092772615  a  1 2 18  b  1 20
2
0.70710678118654746  a  1 2 21  b  1 18
0.70710678118654746  a  1 18 21  b  1 2
3
-0.40824829046386307  a  1 18 21  b  1 2
0.40824829046386307  a  1 2 21  b  1 18
0.81649658092772615  a  1 2 18  b  1 21
2
0.70710678118654746  a  1 2 22  b  1 18
0.70710678118654746  a  1 18 22  b  1 2
3
-0.40824829046386307  a  1 18 22  b  1 2
0.40824829046386307  a  1 2 22  b  1 18
0.81649658092772615  a  1 2 18  b  1 22
2
0.70710678118654746  a  1 2 23  b  1 18
0.70710678118654746  a  1 18 23  b  1 2
3
-0.40824829046386307  a  1 18 23  b  1 2
0.40824829046386307  a  1 2 23  b  1 18
0.81649658092772615  a  1 2 18  b  1 23
1
1.0  a  1  18 2  b  1  18
2
0.70710678118654746  a  1 2 20  b  1 19
0.70710678118654746  a  1 19 20  b  1 2
3
-0.40824829046386307  a  1 19 20  b  1 2
0.40824829046386307  a  1 2 20  b  1 19
0.81649658092772615  a  1 2 19  b  1 20
2
0.70710678118654746  a  1 2 21  b  1 19
0.70710678118654746  a  1 19 21  b  1 2
3
-0.40824829046386307  a  1 19 21  b  1 2
0.40824829046386307  a  1 2 21  b  1 19
0.81649658092772615  a  1 2 19  b  1 21
2
0.70710678118654746  a  1 2 22  b  1 19
0.70710678118654746  a  1 19 22  b  1 2
3
-0.40824829046386307  a  1 19 22  b  1 2
0.40824829046386307  a  1 2 22  b  1 19
0.81649658092772615  a  1 2 19  b  1 22
2
0.70710678118654746  a  1 2 23  b  1 19
0.70710678118654746  a  1 19 23  b  1 2
3
-0.40824829046386307  a  1 19 23  b  1 2
0.40824829046386307  a  1 2 23  b  1 19
0.81649658092772615  a  1 2 19  b  1 23
1
1.0  a  1  19 2  b  1  19
2
0.70710678118654746  a  1 2 21  b  1 20
0.70710678118654746  a  1 20 21  b  1 2
3
-0.40824829046386307  a  1 20 21  b  1 2
0.40824829046386307  a  1 2 21  b  1 20
0.81649658092772615  a  1 2 20  b  1 21
2
0.70710678118654746  a  1 2 22  b  1 20
0.70710678118654746  a  1 20 22  b  1 2
3
-0.40824829046386307  a  1 20 22  b  1 2
0.40824829046386307  a  1 2 22  b  1 20
0.81649658092772615  a  1 2 20  b  1 22
2
0.70710678118654746  a  1 2 23  b  1 20
0.70710678118654746  a  1 20 23  b  1 2
3
-0.40824829046386307  a  1 20 23  b  1 2
0.40824829046386307  a  1 2 23  b  1 20
0.81649658092772615  a  1 2 20  b  1 23
1
1.0  a  1  20 2  b  1  20
2
0.70710678118654746  a  1 2 22  b  1 21
0.70710678118654746  a  1 21 22  b  1 2
3
-0.40824829046386307  a  1 21 22  b  1 2
0.40824829046386307  a  1 2 22  b  1 21
0.81649658092772615  a  1 2 21  b  1 22
2
0.70710678118654746  a  1 2 23  b  1 21
0.70710678118654746  a  1 21 23  b  1 2
3
-0.40824829046386307  a  1 21 23  b  1 2
0.40824829046386307  a  1 2 23  b  1 21
0.81649658092772615  a  1 2 21  b  1 23
1
1.0  a  1  21 2  b  1  21
2
0.70710678118654746  a  1 2 23  b  1 22
0.70710678118654746  a  1 22 23  b  1 2
3
-0.40824829046386307  a  1 22 23  b  1 2
0.40824829046386307  a  1 2 23  b  1 22
0.81649658092772615  a  1 2 22  b  1 23
1
1.0  a  1  22 2  b  1  22
1
1.0  a  1  23 2  b  1  23
