128 0.000000000000001
 ci_final_cis 
3 2
128
1
1.0  a  1  2 4  b  1  2
1
1.0  a  1  2 5  b  1  2
1
1.0  a  1  2 6  b  1  2
1
1.0  a  1  2 7  b  1  2
1
1.0  a  1  2 8  b  1  2
1
1.0  a  1  2 9  b  1  2
1
1.0  a  1  2 10  b  1  2
1
1.0  a  1  2 11  b  1  2
1
1.0  a  1  2 12  b  1  2
1
1.0  a  1  2 13  b  1  2
1
1.0  a  1  2 14  b  1  2
1
1.0  a  1  2 15  b  1  2
1
1.0  a  1  2 16  b  1  2
1
1.0  a  1  2 17  b  1  2
1
1.0  a  1  2 18  b  1  2
1
1.0  a  1  2 19  b  1  2
1
1.0  a  1  2 20  b  1  2
1
1.0  a  1  2 21  b  1  2
1
1.0  a  1  2 22  b  1  2
1
1.0  a  1  2 23  b  1  2
1
1.0  a  1  2 24  b  1  2
1
1.0  a  1  2 25  b  1  2
1
1.0  a  1  2 26  b  1  2
1
1.0  a  1  2 27  b  1  2
1
1.0  a  1  2 28  b  1  2
1
1.0  a  1  2 29  b  1  2
1
1.0  a  1  2 30  b  1  2
1
1.0  a  1  2 31  b  1  2
1
1.0  a  1  2 32  b  1  2
1
1.0  a  1  2 33  b  1  2
1
1.0  a  1  2 34  b  1  2
1
1.0  a  1  2 35  b  1  2
1
1.0  a  1  2 36  b  1  2
1
1.0  a  1  2 37  b  1  2
1
1.0  a  1  2 38  b  1  2
1
1.0  a  1  2 39  b  1  2
1
1.0  a  1  2 40  b  1  2
1
1.0  a  1  2 41  b  1  2
1
1.0  a  1  2 42  b  1  2
1
1.0  a  1  2 43  b  1  2
1
1.0  a  1  2 44  b  1  2
1
1.0  a  1  2 45  b  1  2
1
1.0  a  1  2 46  b  1  2
1
1.0  a  1  2 47  b  1  2
1
1.0  a  1  2 48  b  1  2
1
1.0  a  1  2 49  b  1  2
1
1.0  a  1  2 50  b  1  2
1
1.0  a  1  2 51  b  1  2
1
1.0  a  1  2 52  b  1  2
1
1.0  a  1  2 53  b  1  2
1
1.0  a  1  2 54  b  1  2
1
1.0  a  1  2 55  b  1  2
1
1.0  a  1  2 56  b  1  2
1
1.0  a  1  2 57  b  1  2
1
1.0  a  1  2 58  b  1  2
1
1.0  a  1  2 59  b  1  2
1
1.0  a  1  2 60  b  1  2
1
1.0  a  1  2 61  b  1  2
1
1.0  a  1  2 62  b  1  2
1
1.0  a  1  2 63  b  1  2
1
1.0  a  1  2 64  b  1  2
1
1.0  a  1  2 65  b  1  2
1
1.0  a  1  2 66  b  1  2
1
1.0  a  1  2 67  b  1  2
1
1.0  a  1  2 68  b  1  2
1
1.0  a  1  2 69  b  1  2
1
1.0  a  1  2 70  b  1  2
1
1.0  a  1  2 71  b  1  2
1
1.0  a  1  2 72  b  1  2
1
1.0  a  1  2 73  b  1  2
1
1.0  a  1  2 74  b  1  2
1
1.0  a  1  2 75  b  1  2
1
1.0  a  1  2 76  b  1  2
1
1.0  a  1  2 77  b  1  2
1
1.0  a  1  2 78  b  1  2
1
1.0  a  1  2 79  b  1  2
1
1.0  a  1  2 80  b  1  2
1
1.0  a  1  2 81  b  1  2
1
1.0  a  1  2 82  b  1  2
1
1.0  a  1  2 83  b  1  2
1
1.0  a  1  2 84  b  1  2
1
1.0  a  1  2 85  b  1  2
1
1.0  a  1  2 86  b  1  2
1
1.0  a  1  2 87  b  1  2
1
1.0  a  1  2 88  b  1  2
1
1.0  a  1  2 89  b  1  2
1
1.0  a  1  2 90  b  1  2
1
1.0  a  1  2 91  b  1  2
1
1.0  a  1  2 92  b  1  2
1
1.0  a  1  2 93  b  1  2
1
1.0  a  1  2 94  b  1  2
1
1.0  a  1  2 95  b  1  2
1
1.0  a  1  2 96  b  1  2
1
1.0  a  1  2 97  b  1  2
1
1.0  a  1  2 98  b  1  2
1
1.0  a  1  2 99  b  1  2
1
1.0  a  1  2 100  b  1  2
1
1.0  a  1  2 101  b  1  2
1
1.0  a  1  2 102  b  1  2
1
1.0  a  1  2 103  b  1  2
1
1.0  a  1  2 104  b  1  2
1
1.0  a  1  2 105  b  1  2
1
1.0  a  1  2 106  b  1  2
1
1.0  a  1  2 107  b  1  2
1
1.0  a  1  2 108  b  1  2
1
1.0  a  1  2 109  b  1  2
1
1.0  a  1  2 110  b  1  2
1
1.0  a  1  2 111  b  1  2
1
1.0  a  1  2 112  b  1  2
1
1.0  a  1  2 113  b  1  2
1
1.0  a  1  2 114  b  1  2
1
1.0  a  1  2 115  b  1  2
1
1.0  a  1  2 116  b  1  2
1
1.0  a  1  2 117  b  1  2
1
1.0  a  1  2 118  b  1  2
1
1.0  a  1  2 119  b  1  2
1
1.0  a  1  2 120  b  1  2
1
1.0  a  1  2 121  b  1  2
1
1.0  a  1  2 122  b  1  2
1
1.0  a  1  2 123  b  1  2
1
1.0  a  1  2 124  b  1  2
1
1.0  a  1  2 125  b  1  2
1
1.0  a  1  2 126  b  1  2
1
1.0  a  1  2 127  b  1  2
1
1.0  a  1  2 128  b  1  2
1
1.0  a  1  2 129  b  1  2
1
1.0  a  1  2 130  b  1  2
1
1.0  a  1  2 131  b  1  2
