157 0.000000000000001
 ci_1s2p_cis_triplet_160
3 2
157
3
-0.40824829046386307  a  1 3 4  b  1 2
0.40824829046386307  a  1 2 4  b  1 3
0.81649658092772615  a  1 2 3  b  1 4
3
-0.40824829046386307  a  1 3 5  b  1 2
0.40824829046386307  a  1 2 5  b  1 3
0.81649658092772615  a  1 2 3  b  1 5
3
-0.40824829046386307  a  1 3 6  b  1 2
0.40824829046386307  a  1 2 6  b  1 3
0.81649658092772615  a  1 2 3  b  1 6
3
-0.40824829046386307  a  1 3 7  b  1 2
0.40824829046386307  a  1 2 7  b  1 3
0.81649658092772615  a  1 2 3  b  1 7
3
-0.40824829046386307  a  1 3 8  b  1 2
0.40824829046386307  a  1 2 8  b  1 3
0.81649658092772615  a  1 2 3  b  1 8
3
-0.40824829046386307  a  1 3 9  b  1 2
0.40824829046386307  a  1 2 9  b  1 3
0.81649658092772615  a  1 2 3  b  1 9
3
-0.40824829046386307  a  1 3 10  b  1 2
0.40824829046386307  a  1 2 10  b  1 3
0.81649658092772615  a  1 2 3  b  1 10
3
-0.40824829046386307  a  1 3 11  b  1 2
0.40824829046386307  a  1 2 11  b  1 3
0.81649658092772615  a  1 2 3  b  1 11
3
-0.40824829046386307  a  1 3 12  b  1 2
0.40824829046386307  a  1 2 12  b  1 3
0.81649658092772615  a  1 2 3  b  1 12
3
-0.40824829046386307  a  1 3 13  b  1 2
0.40824829046386307  a  1 2 13  b  1 3
0.81649658092772615  a  1 2 3  b  1 13
3
-0.40824829046386307  a  1 3 14  b  1 2
0.40824829046386307  a  1 2 14  b  1 3
0.81649658092772615  a  1 2 3  b  1 14
3
-0.40824829046386307  a  1 3 15  b  1 2
0.40824829046386307  a  1 2 15  b  1 3
0.81649658092772615  a  1 2 3  b  1 15
3
-0.40824829046386307  a  1 3 16  b  1 2
0.40824829046386307  a  1 2 16  b  1 3
0.81649658092772615  a  1 2 3  b  1 16
3
-0.40824829046386307  a  1 3 17  b  1 2
0.40824829046386307  a  1 2 17  b  1 3
0.81649658092772615  a  1 2 3  b  1 17
3
-0.40824829046386307  a  1 3 18  b  1 2
0.40824829046386307  a  1 2 18  b  1 3
0.81649658092772615  a  1 2 3  b  1 18
3
-0.40824829046386307  a  1 3 19  b  1 2
0.40824829046386307  a  1 2 19  b  1 3
0.81649658092772615  a  1 2 3  b  1 19
3
-0.40824829046386307  a  1 3 20  b  1 2
0.40824829046386307  a  1 2 20  b  1 3
0.81649658092772615  a  1 2 3  b  1 20
3
-0.40824829046386307  a  1 3 21  b  1 2
0.40824829046386307  a  1 2 21  b  1 3
0.81649658092772615  a  1 2 3  b  1 21
3
-0.40824829046386307  a  1 3 22  b  1 2
0.40824829046386307  a  1 2 22  b  1 3
0.81649658092772615  a  1 2 3  b  1 22
3
-0.40824829046386307  a  1 3 23  b  1 2
0.40824829046386307  a  1 2 23  b  1 3
0.81649658092772615  a  1 2 3  b  1 23
3
-0.40824829046386307  a  1 3 24  b  1 2
0.40824829046386307  a  1 2 24  b  1 3
0.81649658092772615  a  1 2 3  b  1 24
3
-0.40824829046386307  a  1 3 25  b  1 2
0.40824829046386307  a  1 2 25  b  1 3
0.81649658092772615  a  1 2 3  b  1 25
3
-0.40824829046386307  a  1 3 26  b  1 2
0.40824829046386307  a  1 2 26  b  1 3
0.81649658092772615  a  1 2 3  b  1 26
3
-0.40824829046386307  a  1 3 27  b  1 2
0.40824829046386307  a  1 2 27  b  1 3
0.81649658092772615  a  1 2 3  b  1 27
3
-0.40824829046386307  a  1 3 28  b  1 2
0.40824829046386307  a  1 2 28  b  1 3
0.81649658092772615  a  1 2 3  b  1 28
3
-0.40824829046386307  a  1 3 29  b  1 2
0.40824829046386307  a  1 2 29  b  1 3
0.81649658092772615  a  1 2 3  b  1 29
3
-0.40824829046386307  a  1 3 30  b  1 2
0.40824829046386307  a  1 2 30  b  1 3
0.81649658092772615  a  1 2 3  b  1 30
3
-0.40824829046386307  a  1 3 31  b  1 2
0.40824829046386307  a  1 2 31  b  1 3
0.81649658092772615  a  1 2 3  b  1 31
3
-0.40824829046386307  a  1 3 32  b  1 2
0.40824829046386307  a  1 2 32  b  1 3
0.81649658092772615  a  1 2 3  b  1 32
3
-0.40824829046386307  a  1 3 33  b  1 2
0.40824829046386307  a  1 2 33  b  1 3
0.81649658092772615  a  1 2 3  b  1 33
3
-0.40824829046386307  a  1 3 34  b  1 2
0.40824829046386307  a  1 2 34  b  1 3
0.81649658092772615  a  1 2 3  b  1 34
3
-0.40824829046386307  a  1 3 35  b  1 2
0.40824829046386307  a  1 2 35  b  1 3
0.81649658092772615  a  1 2 3  b  1 35
3
-0.40824829046386307  a  1 3 36  b  1 2
0.40824829046386307  a  1 2 36  b  1 3
0.81649658092772615  a  1 2 3  b  1 36
3
-0.40824829046386307  a  1 3 37  b  1 2
0.40824829046386307  a  1 2 37  b  1 3
0.81649658092772615  a  1 2 3  b  1 37
3
-0.40824829046386307  a  1 3 38  b  1 2
0.40824829046386307  a  1 2 38  b  1 3
0.81649658092772615  a  1 2 3  b  1 38
3
-0.40824829046386307  a  1 3 39  b  1 2
0.40824829046386307  a  1 2 39  b  1 3
0.81649658092772615  a  1 2 3  b  1 39
3
-0.40824829046386307  a  1 3 40  b  1 2
0.40824829046386307  a  1 2 40  b  1 3
0.81649658092772615  a  1 2 3  b  1 40
3
-0.40824829046386307  a  1 3 41  b  1 2
0.40824829046386307  a  1 2 41  b  1 3
0.81649658092772615  a  1 2 3  b  1 41
3
-0.40824829046386307  a  1 3 42  b  1 2
0.40824829046386307  a  1 2 42  b  1 3
0.81649658092772615  a  1 2 3  b  1 42
3
-0.40824829046386307  a  1 3 43  b  1 2
0.40824829046386307  a  1 2 43  b  1 3
0.81649658092772615  a  1 2 3  b  1 43
3
-0.40824829046386307  a  1 3 44  b  1 2
0.40824829046386307  a  1 2 44  b  1 3
0.81649658092772615  a  1 2 3  b  1 44
3
-0.40824829046386307  a  1 3 45  b  1 2
0.40824829046386307  a  1 2 45  b  1 3
0.81649658092772615  a  1 2 3  b  1 45
3
-0.40824829046386307  a  1 3 46  b  1 2
0.40824829046386307  a  1 2 46  b  1 3
0.81649658092772615  a  1 2 3  b  1 46
3
-0.40824829046386307  a  1 3 47  b  1 2
0.40824829046386307  a  1 2 47  b  1 3
0.81649658092772615  a  1 2 3  b  1 47
3
-0.40824829046386307  a  1 3 48  b  1 2
0.40824829046386307  a  1 2 48  b  1 3
0.81649658092772615  a  1 2 3  b  1 48
3
-0.40824829046386307  a  1 3 49  b  1 2
0.40824829046386307  a  1 2 49  b  1 3
0.81649658092772615  a  1 2 3  b  1 49
3
-0.40824829046386307  a  1 3 50  b  1 2
0.40824829046386307  a  1 2 50  b  1 3
0.81649658092772615  a  1 2 3  b  1 50
3
-0.40824829046386307  a  1 3 51  b  1 2
0.40824829046386307  a  1 2 51  b  1 3
0.81649658092772615  a  1 2 3  b  1 51
3
-0.40824829046386307  a  1 3 52  b  1 2
0.40824829046386307  a  1 2 52  b  1 3
0.81649658092772615  a  1 2 3  b  1 52
3
-0.40824829046386307  a  1 3 53  b  1 2
0.40824829046386307  a  1 2 53  b  1 3
0.81649658092772615  a  1 2 3  b  1 53
3
-0.40824829046386307  a  1 3 54  b  1 2
0.40824829046386307  a  1 2 54  b  1 3
0.81649658092772615  a  1 2 3  b  1 54
3
-0.40824829046386307  a  1 3 55  b  1 2
0.40824829046386307  a  1 2 55  b  1 3
0.81649658092772615  a  1 2 3  b  1 55
3
-0.40824829046386307  a  1 3 56  b  1 2
0.40824829046386307  a  1 2 56  b  1 3
0.81649658092772615  a  1 2 3  b  1 56
3
-0.40824829046386307  a  1 3 57  b  1 2
0.40824829046386307  a  1 2 57  b  1 3
0.81649658092772615  a  1 2 3  b  1 57
3
-0.40824829046386307  a  1 3 58  b  1 2
0.40824829046386307  a  1 2 58  b  1 3
0.81649658092772615  a  1 2 3  b  1 58
3
-0.40824829046386307  a  1 3 59  b  1 2
0.40824829046386307  a  1 2 59  b  1 3
0.81649658092772615  a  1 2 3  b  1 59
3
-0.40824829046386307  a  1 3 60  b  1 2
0.40824829046386307  a  1 2 60  b  1 3
0.81649658092772615  a  1 2 3  b  1 60
3
-0.40824829046386307  a  1 3 61  b  1 2
0.40824829046386307  a  1 2 61  b  1 3
0.81649658092772615  a  1 2 3  b  1 61
3
-0.40824829046386307  a  1 3 62  b  1 2
0.40824829046386307  a  1 2 62  b  1 3
0.81649658092772615  a  1 2 3  b  1 62
3
-0.40824829046386307  a  1 3 63  b  1 2
0.40824829046386307  a  1 2 63  b  1 3
0.81649658092772615  a  1 2 3  b  1 63
3
-0.40824829046386307  a  1 3 64  b  1 2
0.40824829046386307  a  1 2 64  b  1 3
0.81649658092772615  a  1 2 3  b  1 64
3
-0.40824829046386307  a  1 3 65  b  1 2
0.40824829046386307  a  1 2 65  b  1 3
0.81649658092772615  a  1 2 3  b  1 65
3
-0.40824829046386307  a  1 3 66  b  1 2
0.40824829046386307  a  1 2 66  b  1 3
0.81649658092772615  a  1 2 3  b  1 66
3
-0.40824829046386307  a  1 3 67  b  1 2
0.40824829046386307  a  1 2 67  b  1 3
0.81649658092772615  a  1 2 3  b  1 67
3
-0.40824829046386307  a  1 3 68  b  1 2
0.40824829046386307  a  1 2 68  b  1 3
0.81649658092772615  a  1 2 3  b  1 68
3
-0.40824829046386307  a  1 3 69  b  1 2
0.40824829046386307  a  1 2 69  b  1 3
0.81649658092772615  a  1 2 3  b  1 69
3
-0.40824829046386307  a  1 3 70  b  1 2
0.40824829046386307  a  1 2 70  b  1 3
0.81649658092772615  a  1 2 3  b  1 70
3
-0.40824829046386307  a  1 3 71  b  1 2
0.40824829046386307  a  1 2 71  b  1 3
0.81649658092772615  a  1 2 3  b  1 71
3
-0.40824829046386307  a  1 3 72  b  1 2
0.40824829046386307  a  1 2 72  b  1 3
0.81649658092772615  a  1 2 3  b  1 72
3
-0.40824829046386307  a  1 3 73  b  1 2
0.40824829046386307  a  1 2 73  b  1 3
0.81649658092772615  a  1 2 3  b  1 73
3
-0.40824829046386307  a  1 3 74  b  1 2
0.40824829046386307  a  1 2 74  b  1 3
0.81649658092772615  a  1 2 3  b  1 74
3
-0.40824829046386307  a  1 3 75  b  1 2
0.40824829046386307  a  1 2 75  b  1 3
0.81649658092772615  a  1 2 3  b  1 75
3
-0.40824829046386307  a  1 3 76  b  1 2
0.40824829046386307  a  1 2 76  b  1 3
0.81649658092772615  a  1 2 3  b  1 76
3
-0.40824829046386307  a  1 3 77  b  1 2
0.40824829046386307  a  1 2 77  b  1 3
0.81649658092772615  a  1 2 3  b  1 77
3
-0.40824829046386307  a  1 3 78  b  1 2
0.40824829046386307  a  1 2 78  b  1 3
0.81649658092772615  a  1 2 3  b  1 78
3
-0.40824829046386307  a  1 3 79  b  1 2
0.40824829046386307  a  1 2 79  b  1 3
0.81649658092772615  a  1 2 3  b  1 79
3
-0.40824829046386307  a  1 3 80  b  1 2
0.40824829046386307  a  1 2 80  b  1 3
0.81649658092772615  a  1 2 3  b  1 80
3
-0.40824829046386307  a  1 3 81  b  1 2
0.40824829046386307  a  1 2 81  b  1 3
0.81649658092772615  a  1 2 3  b  1 81
3
-0.40824829046386307  a  1 3 82  b  1 2
0.40824829046386307  a  1 2 82  b  1 3
0.81649658092772615  a  1 2 3  b  1 82
3
-0.40824829046386307  a  1 3 83  b  1 2
0.40824829046386307  a  1 2 83  b  1 3
0.81649658092772615  a  1 2 3  b  1 83
3
-0.40824829046386307  a  1 3 84  b  1 2
0.40824829046386307  a  1 2 84  b  1 3
0.81649658092772615  a  1 2 3  b  1 84
3
-0.40824829046386307  a  1 3 85  b  1 2
0.40824829046386307  a  1 2 85  b  1 3
0.81649658092772615  a  1 2 3  b  1 85
3
-0.40824829046386307  a  1 3 86  b  1 2
0.40824829046386307  a  1 2 86  b  1 3
0.81649658092772615  a  1 2 3  b  1 86
3
-0.40824829046386307  a  1 3 87  b  1 2
0.40824829046386307  a  1 2 87  b  1 3
0.81649658092772615  a  1 2 3  b  1 87
3
-0.40824829046386307  a  1 3 88  b  1 2
0.40824829046386307  a  1 2 88  b  1 3
0.81649658092772615  a  1 2 3  b  1 88
3
-0.40824829046386307  a  1 3 89  b  1 2
0.40824829046386307  a  1 2 89  b  1 3
0.81649658092772615  a  1 2 3  b  1 89
3
-0.40824829046386307  a  1 3 90  b  1 2
0.40824829046386307  a  1 2 90  b  1 3
0.81649658092772615  a  1 2 3  b  1 90
3
-0.40824829046386307  a  1 3 91  b  1 2
0.40824829046386307  a  1 2 91  b  1 3
0.81649658092772615  a  1 2 3  b  1 91
3
-0.40824829046386307  a  1 3 92  b  1 2
0.40824829046386307  a  1 2 92  b  1 3
0.81649658092772615  a  1 2 3  b  1 92
3
-0.40824829046386307  a  1 3 93  b  1 2
0.40824829046386307  a  1 2 93  b  1 3
0.81649658092772615  a  1 2 3  b  1 93
3
-0.40824829046386307  a  1 3 94  b  1 2
0.40824829046386307  a  1 2 94  b  1 3
0.81649658092772615  a  1 2 3  b  1 94
3
-0.40824829046386307  a  1 3 95  b  1 2
0.40824829046386307  a  1 2 95  b  1 3
0.81649658092772615  a  1 2 3  b  1 95
3
-0.40824829046386307  a  1 3 96  b  1 2
0.40824829046386307  a  1 2 96  b  1 3
0.81649658092772615  a  1 2 3  b  1 96
3
-0.40824829046386307  a  1 3 97  b  1 2
0.40824829046386307  a  1 2 97  b  1 3
0.81649658092772615  a  1 2 3  b  1 97
3
-0.40824829046386307  a  1 3 98  b  1 2
0.40824829046386307  a  1 2 98  b  1 3
0.81649658092772615  a  1 2 3  b  1 98
3
-0.40824829046386307  a  1 3 99  b  1 2
0.40824829046386307  a  1 2 99  b  1 3
0.81649658092772615  a  1 2 3  b  1 99
3
-0.40824829046386307  a  1 3 100  b  1 2
0.40824829046386307  a  1 2 100  b  1 3
0.81649658092772615  a  1 2 3  b  1 100
3
-0.40824829046386307  a  1 3 101  b  1 2
0.40824829046386307  a  1 2 101  b  1 3
0.81649658092772615  a  1 2 3  b  1 101
3
-0.40824829046386307  a  1 3 102  b  1 2
0.40824829046386307  a  1 2 102  b  1 3
0.81649658092772615  a  1 2 3  b  1 102
3
-0.40824829046386307  a  1 3 103  b  1 2
0.40824829046386307  a  1 2 103  b  1 3
0.81649658092772615  a  1 2 3  b  1 103
3
-0.40824829046386307  a  1 3 104  b  1 2
0.40824829046386307  a  1 2 104  b  1 3
0.81649658092772615  a  1 2 3  b  1 104
3
-0.40824829046386307  a  1 3 105  b  1 2
0.40824829046386307  a  1 2 105  b  1 3
0.81649658092772615  a  1 2 3  b  1 105
3
-0.40824829046386307  a  1 3 106  b  1 2
0.40824829046386307  a  1 2 106  b  1 3
0.81649658092772615  a  1 2 3  b  1 106
3
-0.40824829046386307  a  1 3 107  b  1 2
0.40824829046386307  a  1 2 107  b  1 3
0.81649658092772615  a  1 2 3  b  1 107
3
-0.40824829046386307  a  1 3 108  b  1 2
0.40824829046386307  a  1 2 108  b  1 3
0.81649658092772615  a  1 2 3  b  1 108
3
-0.40824829046386307  a  1 3 109  b  1 2
0.40824829046386307  a  1 2 109  b  1 3
0.81649658092772615  a  1 2 3  b  1 109
3
-0.40824829046386307  a  1 3 110  b  1 2
0.40824829046386307  a  1 2 110  b  1 3
0.81649658092772615  a  1 2 3  b  1 110
3
-0.40824829046386307  a  1 3 111  b  1 2
0.40824829046386307  a  1 2 111  b  1 3
0.81649658092772615  a  1 2 3  b  1 111
3
-0.40824829046386307  a  1 3 112  b  1 2
0.40824829046386307  a  1 2 112  b  1 3
0.81649658092772615  a  1 2 3  b  1 112
3
-0.40824829046386307  a  1 3 113  b  1 2
0.40824829046386307  a  1 2 113  b  1 3
0.81649658092772615  a  1 2 3  b  1 113
3
-0.40824829046386307  a  1 3 114  b  1 2
0.40824829046386307  a  1 2 114  b  1 3
0.81649658092772615  a  1 2 3  b  1 114
3
-0.40824829046386307  a  1 3 115  b  1 2
0.40824829046386307  a  1 2 115  b  1 3
0.81649658092772615  a  1 2 3  b  1 115
3
-0.40824829046386307  a  1 3 116  b  1 2
0.40824829046386307  a  1 2 116  b  1 3
0.81649658092772615  a  1 2 3  b  1 116
3
-0.40824829046386307  a  1 3 117  b  1 2
0.40824829046386307  a  1 2 117  b  1 3
0.81649658092772615  a  1 2 3  b  1 117
3
-0.40824829046386307  a  1 3 118  b  1 2
0.40824829046386307  a  1 2 118  b  1 3
0.81649658092772615  a  1 2 3  b  1 118
3
-0.40824829046386307  a  1 3 119  b  1 2
0.40824829046386307  a  1 2 119  b  1 3
0.81649658092772615  a  1 2 3  b  1 119
3
-0.40824829046386307  a  1 3 120  b  1 2
0.40824829046386307  a  1 2 120  b  1 3
0.81649658092772615  a  1 2 3  b  1 120
3
-0.40824829046386307  a  1 3 121  b  1 2
0.40824829046386307  a  1 2 121  b  1 3
0.81649658092772615  a  1 2 3  b  1 121
3
-0.40824829046386307  a  1 3 122  b  1 2
0.40824829046386307  a  1 2 122  b  1 3
0.81649658092772615  a  1 2 3  b  1 122
3
-0.40824829046386307  a  1 3 123  b  1 2
0.40824829046386307  a  1 2 123  b  1 3
0.81649658092772615  a  1 2 3  b  1 123
3
-0.40824829046386307  a  1 3 124  b  1 2
0.40824829046386307  a  1 2 124  b  1 3
0.81649658092772615  a  1 2 3  b  1 124
3
-0.40824829046386307  a  1 3 125  b  1 2
0.40824829046386307  a  1 2 125  b  1 3
0.81649658092772615  a  1 2 3  b  1 125
3
-0.40824829046386307  a  1 3 126  b  1 2
0.40824829046386307  a  1 2 126  b  1 3
0.81649658092772615  a  1 2 3  b  1 126
3
-0.40824829046386307  a  1 3 127  b  1 2
0.40824829046386307  a  1 2 127  b  1 3
0.81649658092772615  a  1 2 3  b  1 127
3
-0.40824829046386307  a  1 3 128  b  1 2
0.40824829046386307  a  1 2 128  b  1 3
0.81649658092772615  a  1 2 3  b  1 128
3
-0.40824829046386307  a  1 3 129  b  1 2
0.40824829046386307  a  1 2 129  b  1 3
0.81649658092772615  a  1 2 3  b  1 129
3
-0.40824829046386307  a  1 3 130  b  1 2
0.40824829046386307  a  1 2 130  b  1 3
0.81649658092772615  a  1 2 3  b  1 130
3
-0.40824829046386307  a  1 3 131  b  1 2
0.40824829046386307  a  1 2 131  b  1 3
0.81649658092772615  a  1 2 3  b  1 131
3
-0.40824829046386307  a  1 3 132  b  1 2
0.40824829046386307  a  1 2 132  b  1 3
0.81649658092772615  a  1 2 3  b  1 132
3
-0.40824829046386307  a  1 3 133  b  1 2
0.40824829046386307  a  1 2 133  b  1 3
0.81649658092772615  a  1 2 3  b  1 133
3
-0.40824829046386307  a  1 3 134  b  1 2
0.40824829046386307  a  1 2 134  b  1 3
0.81649658092772615  a  1 2 3  b  1 134
3
-0.40824829046386307  a  1 3 135  b  1 2
0.40824829046386307  a  1 2 135  b  1 3
0.81649658092772615  a  1 2 3  b  1 135
3
-0.40824829046386307  a  1 3 136  b  1 2
0.40824829046386307  a  1 2 136  b  1 3
0.81649658092772615  a  1 2 3  b  1 136
3
-0.40824829046386307  a  1 3 137  b  1 2
0.40824829046386307  a  1 2 137  b  1 3
0.81649658092772615  a  1 2 3  b  1 137
3
-0.40824829046386307  a  1 3 138  b  1 2
0.40824829046386307  a  1 2 138  b  1 3
0.81649658092772615  a  1 2 3  b  1 138
3
-0.40824829046386307  a  1 3 139  b  1 2
0.40824829046386307  a  1 2 139  b  1 3
0.81649658092772615  a  1 2 3  b  1 139
3
-0.40824829046386307  a  1 3 140  b  1 2
0.40824829046386307  a  1 2 140  b  1 3
0.81649658092772615  a  1 2 3  b  1 140
3
-0.40824829046386307  a  1 3 141  b  1 2
0.40824829046386307  a  1 2 141  b  1 3
0.81649658092772615  a  1 2 3  b  1 141
3
-0.40824829046386307  a  1 3 142  b  1 2
0.40824829046386307  a  1 2 142  b  1 3
0.81649658092772615  a  1 2 3  b  1 142
3
-0.40824829046386307  a  1 3 143  b  1 2
0.40824829046386307  a  1 2 143  b  1 3
0.81649658092772615  a  1 2 3  b  1 143
3
-0.40824829046386307  a  1 3 144  b  1 2
0.40824829046386307  a  1 2 144  b  1 3
0.81649658092772615  a  1 2 3  b  1 144
3
-0.40824829046386307  a  1 3 145  b  1 2
0.40824829046386307  a  1 2 145  b  1 3
0.81649658092772615  a  1 2 3  b  1 145
3
-0.40824829046386307  a  1 3 146  b  1 2
0.40824829046386307  a  1 2 146  b  1 3
0.81649658092772615  a  1 2 3  b  1 146
3
-0.40824829046386307  a  1 3 147  b  1 2
0.40824829046386307  a  1 2 147  b  1 3
0.81649658092772615  a  1 2 3  b  1 147
3
-0.40824829046386307  a  1 3 148  b  1 2
0.40824829046386307  a  1 2 148  b  1 3
0.81649658092772615  a  1 2 3  b  1 148
3
-0.40824829046386307  a  1 3 149  b  1 2
0.40824829046386307  a  1 2 149  b  1 3
0.81649658092772615  a  1 2 3  b  1 149
3
-0.40824829046386307  a  1 3 150  b  1 2
0.40824829046386307  a  1 2 150  b  1 3
0.81649658092772615  a  1 2 3  b  1 150
3
-0.40824829046386307  a  1 3 151  b  1 2
0.40824829046386307  a  1 2 151  b  1 3
0.81649658092772615  a  1 2 3  b  1 151
3
-0.40824829046386307  a  1 3 152  b  1 2
0.40824829046386307  a  1 2 152  b  1 3
0.81649658092772615  a  1 2 3  b  1 152
3
-0.40824829046386307  a  1 3 153  b  1 2
0.40824829046386307  a  1 2 153  b  1 3
0.81649658092772615  a  1 2 3  b  1 153
3
-0.40824829046386307  a  1 3 154  b  1 2
0.40824829046386307  a  1 2 154  b  1 3
0.81649658092772615  a  1 2 3  b  1 154
3
-0.40824829046386307  a  1 3 155  b  1 2
0.40824829046386307  a  1 2 155  b  1 3
0.81649658092772615  a  1 2 3  b  1 155
3
-0.40824829046386307  a  1 3 156  b  1 2
0.40824829046386307  a  1 2 156  b  1 3
0.81649658092772615  a  1 2 3  b  1 156
3
-0.40824829046386307  a  1 3 157  b  1 2
0.40824829046386307  a  1 2 157  b  1 3
0.81649658092772615  a  1 2 3  b  1 157
3
-0.40824829046386307  a  1 3 158  b  1 2
0.40824829046386307  a  1 2 158  b  1 3
0.81649658092772615  a  1 2 3  b  1 158
3
-0.40824829046386307  a  1 3 159  b  1 2
0.40824829046386307  a  1 2 159  b  1 3
0.81649658092772615  a  1 2 3  b  1 159
3
-0.40824829046386307  a  1 3 160  b  1 2
0.40824829046386307  a  1 2 160  b  1 3
0.81649658092772615  a  1 2 3  b  1 160
