25 0.000000000000001
 ci_co_final_c_sing_97 
6 6
25
4
0.5  a  1  2  3  7 4 6  b  1  2  3  7 5 97
0.5  a  1  2  3  7 4 97  b  1  2  3  7 5 6
0.5  a  1  2  3  7 5 6  b  1  2  3  7 4 97
0.5  a  1  2  3  7 5 97  b  1  2  3  7 4 6
6
0.57735026918962584  a  1  2  3  7 4 5  b  1  2  3  7 6 97
0.57735026918962584  a  1  2  3  7 6 97  b  1  2  3  7 4 5
0.28867513459481292  a  1  2  3  7 4 6  b  1  2  3  7 5 97
0.28867513459481292  a  1  2  3  7 5 97  b  1  2  3  7 4 6
-0.28867513459481292  a  1  2  3  7 4 97  b  1  2  3  7 5 6
-0.28867513459481292  a  1  2  3  7 5 6  b  1  2  3  7 4 97
4
0.5  a  1  2  4  7 3 6  b  1  2  4  7 5 97
0.5  a  1  2  4  7 3 97  b  1  2  4  7 5 6
0.5  a  1  2  4  7 5 6  b  1  2  4  7 3 97
0.5  a  1  2  4  7 5 97  b  1  2  4  7 3 6
6
0.57735026918962584  a  1  2  4  7 3 5  b  1  2  4  7 6 97
0.57735026918962584  a  1  2  4  7 6 97  b  1  2  4  7 3 5
0.28867513459481292  a  1  2  4  7 3 6  b  1  2  4  7 5 97
0.28867513459481292  a  1  2  4  7 5 97  b  1  2  4  7 3 6
-0.28867513459481292  a  1  2  4  7 3 97  b  1  2  4  7 5 6
-0.28867513459481292  a  1  2  4  7 5 6  b  1  2  4  7 3 97
4
0.5  a  1  2  5  7 3 6  b  1  2  5  7 4 97
0.5  a  1  2  5  7 3 97  b  1  2  5  7 4 6
0.5  a  1  2  5  7 4 6  b  1  2  5  7 3 97
0.5  a  1  2  5  7 4 97  b  1  2  5  7 3 6
6
0.57735026918962584  a  1  2  5  7 3 4  b  1  2  5  7 6 97
0.57735026918962584  a  1  2  5  7 6 97  b  1  2  5  7 3 4
0.28867513459481292  a  1  2  5  7 3 6  b  1  2  5  7 4 97
0.28867513459481292  a  1  2  5  7 4 97  b  1  2  5  7 3 6
-0.28867513459481292  a  1  2  5  7 3 97  b  1  2  5  7 4 6
-0.28867513459481292  a  1  2  5  7 4 6  b  1  2  5  7 3 97
4
0.5  a  1  3  4  7 2 6  b  1  3  4  7 5 97
0.5  a  1  3  4  7 2 97  b  1  3  4  7 5 6
0.5  a  1  3  4  7 5 6  b  1  3  4  7 2 97
0.5  a  1  3  4  7 5 97  b  1  3  4  7 2 6
6
0.57735026918962584  a  1  3  4  7 2 5  b  1  3  4  7 6 97
0.57735026918962584  a  1  3  4  7 6 97  b  1  3  4  7 2 5
0.28867513459481292  a  1  3  4  7 2 6  b  1  3  4  7 5 97
0.28867513459481292  a  1  3  4  7 5 97  b  1  3  4  7 2 6
-0.28867513459481292  a  1  3  4  7 2 97  b  1  3  4  7 5 6
-0.28867513459481292  a  1  3  4  7 5 6  b  1  3  4  7 2 97
4
0.5  a  1  3  5  7 2 6  b  1  3  5  7 4 97
0.5  a  1  3  5  7 2 97  b  1  3  5  7 4 6
0.5  a  1  3  5  7 4 6  b  1  3  5  7 2 97
0.5  a  1  3  5  7 4 97  b  1  3  5  7 2 6
6
0.57735026918962584  a  1  3  5  7 2 4  b  1  3  5  7 6 97
0.57735026918962584  a  1  3  5  7 6 97  b  1  3  5  7 2 4
0.28867513459481292  a  1  3  5  7 2 6  b  1  3  5  7 4 97
0.28867513459481292  a  1  3  5  7 4 97  b  1  3  5  7 2 6
-0.28867513459481292  a  1  3  5  7 2 97  b  1  3  5  7 4 6
-0.28867513459481292  a  1  3  5  7 4 6  b  1  3  5  7 2 97
4
0.5  a  1  4  5  7 2 6  b  1  4  5  7 3 97
0.5  a  1  4  5  7 2 97  b  1  4  5  7 3 6
0.5  a  1  4  5  7 3 6  b  1  4  5  7 2 97
0.5  a  1  4  5  7 3 97  b  1  4  5  7 2 6
6
0.57735026918962584  a  1  4  5  7 2 3  b  1  4  5  7 6 97
0.57735026918962584  a  1  4  5  7 6 97  b  1  4  5  7 2 3
0.28867513459481292  a  1  4  5  7 2 6  b  1  4  5  7 3 97
0.28867513459481292  a  1  4  5  7 3 97  b  1  4  5  7 2 6
-0.28867513459481292  a  1  4  5  7 2 97  b  1  4  5  7 3 6
-0.28867513459481292  a  1  4  5  7 3 6  b  1  4  5  7 2 97
4
0.5  a  2  3  4  7 1 6  b  2  3  4  7 5 97
0.5  a  2  3  4  7 1 97  b  2  3  4  7 5 6
0.5  a  2  3  4  7 5 6  b  2  3  4  7 1 97
0.5  a  2  3  4  7 5 97  b  2  3  4  7 1 6
6
0.57735026918962584  a  2  3  4  7 1 5  b  2  3  4  7 6 97
0.57735026918962584  a  2  3  4  7 6 97  b  2  3  4  7 1 5
0.28867513459481292  a  2  3  4  7 1 6  b  2  3  4  7 5 97
0.28867513459481292  a  2  3  4  7 5 97  b  2  3  4  7 1 6
-0.28867513459481292  a  2  3  4  7 1 97  b  2  3  4  7 5 6
-0.28867513459481292  a  2  3  4  7 5 6  b  2  3  4  7 1 97
4
0.5  a  2  3  5  7 1 6  b  2  3  5  7 4 97
0.5  a  2  3  5  7 1 97  b  2  3  5  7 4 6
0.5  a  2  3  5  7 4 6  b  2  3  5  7 1 97
0.5  a  2  3  5  7 4 97  b  2  3  5  7 1 6
6
0.57735026918962584  a  2  3  5  7 1 4  b  2  3  5  7 6 97
0.57735026918962584  a  2  3  5  7 6 97  b  2  3  5  7 1 4
0.28867513459481292  a  2  3  5  7 1 6  b  2  3  5  7 4 97
0.28867513459481292  a  2  3  5  7 4 97  b  2  3  5  7 1 6
-0.28867513459481292  a  2  3  5  7 1 97  b  2  3  5  7 4 6
-0.28867513459481292  a  2  3  5  7 4 6  b  2  3  5  7 1 97
4
0.5  a  2  4  5  7 1 6  b  2  4  5  7 3 97
0.5  a  2  4  5  7 1 97  b  2  4  5  7 3 6
0.5  a  2  4  5  7 3 6  b  2  4  5  7 1 97
0.5  a  2  4  5  7 3 97  b  2  4  5  7 1 6
6
0.57735026918962584  a  2  4  5  7 1 3  b  2  4  5  7 6 97
0.57735026918962584  a  2  4  5  7 6 97  b  2  4  5  7 1 3
0.28867513459481292  a  2  4  5  7 1 6  b  2  4  5  7 3 97
0.28867513459481292  a  2  4  5  7 3 97  b  2  4  5  7 1 6
-0.28867513459481292  a  2  4  5  7 1 97  b  2  4  5  7 3 6
-0.28867513459481292  a  2  4  5  7 3 6  b  2  4  5  7 1 97
4
0.5  a  3  4  5  7 1 6  b  3  4  5  7 2 97
0.5  a  3  4  5  7 1 97  b  3  4  5  7 2 6
0.5  a  3  4  5  7 2 6  b  3  4  5  7 1 97
0.5  a  3  4  5  7 2 97  b  3  4  5  7 1 6
6
0.57735026918962584  a  3  4  5  7 1 2  b  3  4  5  7 6 97
0.57735026918962584  a  3  4  5  7 6 97  b  3  4  5  7 1 2
0.28867513459481292  a  3  4  5  7 1 6  b  3  4  5  7 2 97
0.28867513459481292  a  3  4  5  7 2 97  b  3  4  5  7 1 6
-0.28867513459481292  a  3  4  5  7 1 97  b  3  4  5  7 2 6
-0.28867513459481292  a  3  4  5  7 2 6  b  3  4  5  7 1 97
2
0.70710678118654746  a  1  2  3  4  7 6  b  1  2  3  4  7 97
0.70710678118654746  a  1  2  3  4  7 97  b  1  2  3  4  7 6
2
0.70710678118654746  a  1  2  3  5  7 6  b  1  2  3  5  7 97
0.70710678118654746  a  1  2  3  5  7 97  b  1  2  3  5  7 6
2
0.70710678118654746  a  1  2  4  5  7 6  b  1  2  4  5  7 97
0.70710678118654746  a  1  2  4  5  7 97  b  1  2  4  5  7 6
2
0.70710678118654746  a  1  3  4  5  7 6  b  1  3  4  5  7 97
0.70710678118654746  a  1  3  4  5  7 97  b  1  3  4  5  7 6
2
0.70710678118654746  a  2  3  4  5  7 6  b  2  3  4  5  7 97
0.70710678118654746  a  2  3  4  5  7 97  b  2  3  4  5  7 6
