25 0.000000000000001
 ci_co_final_o_sing_69 
6 6
25
4
0.5  a  1  2  3  6 4 7  b  1  2  3  6 5 69
0.5  a  1  2  3  6 4 69  b  1  2  3  6 5 7
0.5  a  1  2  3  6 5 7  b  1  2  3  6 4 69
0.5  a  1  2  3  6 5 69  b  1  2  3  6 4 7
6
0.57735026918962584  a  1  2  3  6 4 5  b  1  2  3  6 7 69
0.57735026918962584  a  1  2  3  6 7 69  b  1  2  3  6 4 5
0.28867513459481292  a  1  2  3  6 4 7  b  1  2  3  6 5 69
0.28867513459481292  a  1  2  3  6 5 69  b  1  2  3  6 4 7
-0.28867513459481292  a  1  2  3  6 4 69  b  1  2  3  6 5 7
-0.28867513459481292  a  1  2  3  6 5 7  b  1  2  3  6 4 69
4
0.5  a  1  2  4  6 3 7  b  1  2  4  6 5 69
0.5  a  1  2  4  6 3 69  b  1  2  4  6 5 7
0.5  a  1  2  4  6 5 7  b  1  2  4  6 3 69
0.5  a  1  2  4  6 5 69  b  1  2  4  6 3 7
6
0.57735026918962584  a  1  2  4  6 3 5  b  1  2  4  6 7 69
0.57735026918962584  a  1  2  4  6 7 69  b  1  2  4  6 3 5
0.28867513459481292  a  1  2  4  6 3 7  b  1  2  4  6 5 69
0.28867513459481292  a  1  2  4  6 5 69  b  1  2  4  6 3 7
-0.28867513459481292  a  1  2  4  6 3 69  b  1  2  4  6 5 7
-0.28867513459481292  a  1  2  4  6 5 7  b  1  2  4  6 3 69
4
0.5  a  1  2  5  6 3 7  b  1  2  5  6 4 69
0.5  a  1  2  5  6 3 69  b  1  2  5  6 4 7
0.5  a  1  2  5  6 4 7  b  1  2  5  6 3 69
0.5  a  1  2  5  6 4 69  b  1  2  5  6 3 7
6
0.57735026918962584  a  1  2  5  6 3 4  b  1  2  5  6 7 69
0.57735026918962584  a  1  2  5  6 7 69  b  1  2  5  6 3 4
0.28867513459481292  a  1  2  5  6 3 7  b  1  2  5  6 4 69
0.28867513459481292  a  1  2  5  6 4 69  b  1  2  5  6 3 7
-0.28867513459481292  a  1  2  5  6 3 69  b  1  2  5  6 4 7
-0.28867513459481292  a  1  2  5  6 4 7  b  1  2  5  6 3 69
4
0.5  a  1  3  4  6 2 7  b  1  3  4  6 5 69
0.5  a  1  3  4  6 2 69  b  1  3  4  6 5 7
0.5  a  1  3  4  6 5 7  b  1  3  4  6 2 69
0.5  a  1  3  4  6 5 69  b  1  3  4  6 2 7
6
0.57735026918962584  a  1  3  4  6 2 5  b  1  3  4  6 7 69
0.57735026918962584  a  1  3  4  6 7 69  b  1  3  4  6 2 5
0.28867513459481292  a  1  3  4  6 2 7  b  1  3  4  6 5 69
0.28867513459481292  a  1  3  4  6 5 69  b  1  3  4  6 2 7
-0.28867513459481292  a  1  3  4  6 2 69  b  1  3  4  6 5 7
-0.28867513459481292  a  1  3  4  6 5 7  b  1  3  4  6 2 69
4
0.5  a  1  3  5  6 2 7  b  1  3  5  6 4 69
0.5  a  1  3  5  6 2 69  b  1  3  5  6 4 7
0.5  a  1  3  5  6 4 7  b  1  3  5  6 2 69
0.5  a  1  3  5  6 4 69  b  1  3  5  6 2 7
6
0.57735026918962584  a  1  3  5  6 2 4  b  1  3  5  6 7 69
0.57735026918962584  a  1  3  5  6 7 69  b  1  3  5  6 2 4
0.28867513459481292  a  1  3  5  6 2 7  b  1  3  5  6 4 69
0.28867513459481292  a  1  3  5  6 4 69  b  1  3  5  6 2 7
-0.28867513459481292  a  1  3  5  6 2 69  b  1  3  5  6 4 7
-0.28867513459481292  a  1  3  5  6 4 7  b  1  3  5  6 2 69
4
0.5  a  1  4  5  6 2 7  b  1  4  5  6 3 69
0.5  a  1  4  5  6 2 69  b  1  4  5  6 3 7
0.5  a  1  4  5  6 3 7  b  1  4  5  6 2 69
0.5  a  1  4  5  6 3 69  b  1  4  5  6 2 7
6
0.57735026918962584  a  1  4  5  6 2 3  b  1  4  5  6 7 69
0.57735026918962584  a  1  4  5  6 7 69  b  1  4  5  6 2 3
0.28867513459481292  a  1  4  5  6 2 7  b  1  4  5  6 3 69
0.28867513459481292  a  1  4  5  6 3 69  b  1  4  5  6 2 7
-0.28867513459481292  a  1  4  5  6 2 69  b  1  4  5  6 3 7
-0.28867513459481292  a  1  4  5  6 3 7  b  1  4  5  6 2 69
4
0.5  a  2  3  4  6 1 7  b  2  3  4  6 5 69
0.5  a  2  3  4  6 1 69  b  2  3  4  6 5 7
0.5  a  2  3  4  6 5 7  b  2  3  4  6 1 69
0.5  a  2  3  4  6 5 69  b  2  3  4  6 1 7
6
0.57735026918962584  a  2  3  4  6 1 5  b  2  3  4  6 7 69
0.57735026918962584  a  2  3  4  6 7 69  b  2  3  4  6 1 5
0.28867513459481292  a  2  3  4  6 1 7  b  2  3  4  6 5 69
0.28867513459481292  a  2  3  4  6 5 69  b  2  3  4  6 1 7
-0.28867513459481292  a  2  3  4  6 1 69  b  2  3  4  6 5 7
-0.28867513459481292  a  2  3  4  6 5 7  b  2  3  4  6 1 69
4
0.5  a  2  3  5  6 1 7  b  2  3  5  6 4 69
0.5  a  2  3  5  6 1 69  b  2  3  5  6 4 7
0.5  a  2  3  5  6 4 7  b  2  3  5  6 1 69
0.5  a  2  3  5  6 4 69  b  2  3  5  6 1 7
6
0.57735026918962584  a  2  3  5  6 1 4  b  2  3  5  6 7 69
0.57735026918962584  a  2  3  5  6 7 69  b  2  3  5  6 1 4
0.28867513459481292  a  2  3  5  6 1 7  b  2  3  5  6 4 69
0.28867513459481292  a  2  3  5  6 4 69  b  2  3  5  6 1 7
-0.28867513459481292  a  2  3  5  6 1 69  b  2  3  5  6 4 7
-0.28867513459481292  a  2  3  5  6 4 7  b  2  3  5  6 1 69
4
0.5  a  2  4  5  6 1 7  b  2  4  5  6 3 69
0.5  a  2  4  5  6 1 69  b  2  4  5  6 3 7
0.5  a  2  4  5  6 3 7  b  2  4  5  6 1 69
0.5  a  2  4  5  6 3 69  b  2  4  5  6 1 7
6
0.57735026918962584  a  2  4  5  6 1 3  b  2  4  5  6 7 69
0.57735026918962584  a  2  4  5  6 7 69  b  2  4  5  6 1 3
0.28867513459481292  a  2  4  5  6 1 7  b  2  4  5  6 3 69
0.28867513459481292  a  2  4  5  6 3 69  b  2  4  5  6 1 7
-0.28867513459481292  a  2  4  5  6 1 69  b  2  4  5  6 3 7
-0.28867513459481292  a  2  4  5  6 3 7  b  2  4  5  6 1 69
4
0.5  a  3  4  5  6 1 7  b  3  4  5  6 2 69
0.5  a  3  4  5  6 1 69  b  3  4  5  6 2 7
0.5  a  3  4  5  6 2 7  b  3  4  5  6 1 69
0.5  a  3  4  5  6 2 69  b  3  4  5  6 1 7
6
0.57735026918962584  a  3  4  5  6 1 2  b  3  4  5  6 7 69
0.57735026918962584  a  3  4  5  6 7 69  b  3  4  5  6 1 2
0.28867513459481292  a  3  4  5  6 1 7  b  3  4  5  6 2 69
0.28867513459481292  a  3  4  5  6 2 69  b  3  4  5  6 1 7
-0.28867513459481292  a  3  4  5  6 1 69  b  3  4  5  6 2 7
-0.28867513459481292  a  3  4  5  6 2 7  b  3  4  5  6 1 69
2
0.70710678118654746  a  1  2  3  4  6 7  b  1  2  3  4  6 69
0.70710678118654746  a  1  2  3  4  6 69  b  1  2  3  4  6 7
2
0.70710678118654746  a  1  2  3  5  6 7  b  1  2  3  5  6 69
0.70710678118654746  a  1  2  3  5  6 69  b  1  2  3  5  6 7
2
0.70710678118654746  a  1  2  4  5  6 7  b  1  2  4  5  6 69
0.70710678118654746  a  1  2  4  5  6 69  b  1  2  4  5  6 7
2
0.70710678118654746  a  1  3  4  5  6 7  b  1  3  4  5  6 69
0.70710678118654746  a  1  3  4  5  6 69  b  1  3  4  5  6 7
2
0.70710678118654746  a  2  3  4  5  6 7  b  2  3  4  5  6 69
0.70710678118654746  a  2  3  4  5  6 69  b  2  3  4  5  6 7
