25 0.000000000000001
 ci_co_final_c_sing_114 
6 6
25
4
0.5  a  1  2  3  7 4 6  b  1  2  3  7 5 114
0.5  a  1  2  3  7 4 114  b  1  2  3  7 5 6
0.5  a  1  2  3  7 5 6  b  1  2  3  7 4 114
0.5  a  1  2  3  7 5 114  b  1  2  3  7 4 6
6
0.57735026918962584  a  1  2  3  7 4 5  b  1  2  3  7 6 114
0.57735026918962584  a  1  2  3  7 6 114  b  1  2  3  7 4 5
0.28867513459481292  a  1  2  3  7 4 6  b  1  2  3  7 5 114
0.28867513459481292  a  1  2  3  7 5 114  b  1  2  3  7 4 6
-0.28867513459481292  a  1  2  3  7 4 114  b  1  2  3  7 5 6
-0.28867513459481292  a  1  2  3  7 5 6  b  1  2  3  7 4 114
4
0.5  a  1  2  4  7 3 6  b  1  2  4  7 5 114
0.5  a  1  2  4  7 3 114  b  1  2  4  7 5 6
0.5  a  1  2  4  7 5 6  b  1  2  4  7 3 114
0.5  a  1  2  4  7 5 114  b  1  2  4  7 3 6
6
0.57735026918962584  a  1  2  4  7 3 5  b  1  2  4  7 6 114
0.57735026918962584  a  1  2  4  7 6 114  b  1  2  4  7 3 5
0.28867513459481292  a  1  2  4  7 3 6  b  1  2  4  7 5 114
0.28867513459481292  a  1  2  4  7 5 114  b  1  2  4  7 3 6
-0.28867513459481292  a  1  2  4  7 3 114  b  1  2  4  7 5 6
-0.28867513459481292  a  1  2  4  7 5 6  b  1  2  4  7 3 114
4
0.5  a  1  2  5  7 3 6  b  1  2  5  7 4 114
0.5  a  1  2  5  7 3 114  b  1  2  5  7 4 6
0.5  a  1  2  5  7 4 6  b  1  2  5  7 3 114
0.5  a  1  2  5  7 4 114  b  1  2  5  7 3 6
6
0.57735026918962584  a  1  2  5  7 3 4  b  1  2  5  7 6 114
0.57735026918962584  a  1  2  5  7 6 114  b  1  2  5  7 3 4
0.28867513459481292  a  1  2  5  7 3 6  b  1  2  5  7 4 114
0.28867513459481292  a  1  2  5  7 4 114  b  1  2  5  7 3 6
-0.28867513459481292  a  1  2  5  7 3 114  b  1  2  5  7 4 6
-0.28867513459481292  a  1  2  5  7 4 6  b  1  2  5  7 3 114
4
0.5  a  1  3  4  7 2 6  b  1  3  4  7 5 114
0.5  a  1  3  4  7 2 114  b  1  3  4  7 5 6
0.5  a  1  3  4  7 5 6  b  1  3  4  7 2 114
0.5  a  1  3  4  7 5 114  b  1  3  4  7 2 6
6
0.57735026918962584  a  1  3  4  7 2 5  b  1  3  4  7 6 114
0.57735026918962584  a  1  3  4  7 6 114  b  1  3  4  7 2 5
0.28867513459481292  a  1  3  4  7 2 6  b  1  3  4  7 5 114
0.28867513459481292  a  1  3  4  7 5 114  b  1  3  4  7 2 6
-0.28867513459481292  a  1  3  4  7 2 114  b  1  3  4  7 5 6
-0.28867513459481292  a  1  3  4  7 5 6  b  1  3  4  7 2 114
4
0.5  a  1  3  5  7 2 6  b  1  3  5  7 4 114
0.5  a  1  3  5  7 2 114  b  1  3  5  7 4 6
0.5  a  1  3  5  7 4 6  b  1  3  5  7 2 114
0.5  a  1  3  5  7 4 114  b  1  3  5  7 2 6
6
0.57735026918962584  a  1  3  5  7 2 4  b  1  3  5  7 6 114
0.57735026918962584  a  1  3  5  7 6 114  b  1  3  5  7 2 4
0.28867513459481292  a  1  3  5  7 2 6  b  1  3  5  7 4 114
0.28867513459481292  a  1  3  5  7 4 114  b  1  3  5  7 2 6
-0.28867513459481292  a  1  3  5  7 2 114  b  1  3  5  7 4 6
-0.28867513459481292  a  1  3  5  7 4 6  b  1  3  5  7 2 114
4
0.5  a  1  4  5  7 2 6  b  1  4  5  7 3 114
0.5  a  1  4  5  7 2 114  b  1  4  5  7 3 6
0.5  a  1  4  5  7 3 6  b  1  4  5  7 2 114
0.5  a  1  4  5  7 3 114  b  1  4  5  7 2 6
6
0.57735026918962584  a  1  4  5  7 2 3  b  1  4  5  7 6 114
0.57735026918962584  a  1  4  5  7 6 114  b  1  4  5  7 2 3
0.28867513459481292  a  1  4  5  7 2 6  b  1  4  5  7 3 114
0.28867513459481292  a  1  4  5  7 3 114  b  1  4  5  7 2 6
-0.28867513459481292  a  1  4  5  7 2 114  b  1  4  5  7 3 6
-0.28867513459481292  a  1  4  5  7 3 6  b  1  4  5  7 2 114
4
0.5  a  2  3  4  7 1 6  b  2  3  4  7 5 114
0.5  a  2  3  4  7 1 114  b  2  3  4  7 5 6
0.5  a  2  3  4  7 5 6  b  2  3  4  7 1 114
0.5  a  2  3  4  7 5 114  b  2  3  4  7 1 6
6
0.57735026918962584  a  2  3  4  7 1 5  b  2  3  4  7 6 114
0.57735026918962584  a  2  3  4  7 6 114  b  2  3  4  7 1 5
0.28867513459481292  a  2  3  4  7 1 6  b  2  3  4  7 5 114
0.28867513459481292  a  2  3  4  7 5 114  b  2  3  4  7 1 6
-0.28867513459481292  a  2  3  4  7 1 114  b  2  3  4  7 5 6
-0.28867513459481292  a  2  3  4  7 5 6  b  2  3  4  7 1 114
4
0.5  a  2  3  5  7 1 6  b  2  3  5  7 4 114
0.5  a  2  3  5  7 1 114  b  2  3  5  7 4 6
0.5  a  2  3  5  7 4 6  b  2  3  5  7 1 114
0.5  a  2  3  5  7 4 114  b  2  3  5  7 1 6
6
0.57735026918962584  a  2  3  5  7 1 4  b  2  3  5  7 6 114
0.57735026918962584  a  2  3  5  7 6 114  b  2  3  5  7 1 4
0.28867513459481292  a  2  3  5  7 1 6  b  2  3  5  7 4 114
0.28867513459481292  a  2  3  5  7 4 114  b  2  3  5  7 1 6
-0.28867513459481292  a  2  3  5  7 1 114  b  2  3  5  7 4 6
-0.28867513459481292  a  2  3  5  7 4 6  b  2  3  5  7 1 114
4
0.5  a  2  4  5  7 1 6  b  2  4  5  7 3 114
0.5  a  2  4  5  7 1 114  b  2  4  5  7 3 6
0.5  a  2  4  5  7 3 6  b  2  4  5  7 1 114
0.5  a  2  4  5  7 3 114  b  2  4  5  7 1 6
6
0.57735026918962584  a  2  4  5  7 1 3  b  2  4  5  7 6 114
0.57735026918962584  a  2  4  5  7 6 114  b  2  4  5  7 1 3
0.28867513459481292  a  2  4  5  7 1 6  b  2  4  5  7 3 114
0.28867513459481292  a  2  4  5  7 3 114  b  2  4  5  7 1 6
-0.28867513459481292  a  2  4  5  7 1 114  b  2  4  5  7 3 6
-0.28867513459481292  a  2  4  5  7 3 6  b  2  4  5  7 1 114
4
0.5  a  3  4  5  7 1 6  b  3  4  5  7 2 114
0.5  a  3  4  5  7 1 114  b  3  4  5  7 2 6
0.5  a  3  4  5  7 2 6  b  3  4  5  7 1 114
0.5  a  3  4  5  7 2 114  b  3  4  5  7 1 6
6
0.57735026918962584  a  3  4  5  7 1 2  b  3  4  5  7 6 114
0.57735026918962584  a  3  4  5  7 6 114  b  3  4  5  7 1 2
0.28867513459481292  a  3  4  5  7 1 6  b  3  4  5  7 2 114
0.28867513459481292  a  3  4  5  7 2 114  b  3  4  5  7 1 6
-0.28867513459481292  a  3  4  5  7 1 114  b  3  4  5  7 2 6
-0.28867513459481292  a  3  4  5  7 2 6  b  3  4  5  7 1 114
2
0.70710678118654746  a  1  2  3  4  7 6  b  1  2  3  4  7 114
0.70710678118654746  a  1  2  3  4  7 114  b  1  2  3  4  7 6
2
0.70710678118654746  a  1  2  3  5  7 6  b  1  2  3  5  7 114
0.70710678118654746  a  1  2  3  5  7 114  b  1  2  3  5  7 6
2
0.70710678118654746  a  1  2  4  5  7 6  b  1  2  4  5  7 114
0.70710678118654746  a  1  2  4  5  7 114  b  1  2  4  5  7 6
2
0.70710678118654746  a  1  3  4  5  7 6  b  1  3  4  5  7 114
0.70710678118654746  a  1  3  4  5  7 114  b  1  3  4  5  7 6
2
0.70710678118654746  a  2  3  4  5  7 6  b  2  3  4  5  7 114
0.70710678118654746  a  2  3  4  5  7 114  b  2  3  4  5  7 6
