35 0.000000000000001
 ci_co_final_c_trip_90 
7 5
35
2
0.70710678118654746  a  1  2  3  7 4 6 90  b  1  2  3  7 5
0.70710678118654746  a  1  2  3  7 5 6 90  b  1  2  3  7 4
3
-0.40824829046386307  a  1  2  3  7 5 6 90  b  1  2  3  7 4
0.40824829046386307  a  1  2  3  7 4 6 90  b  1  2  3  7 5
0.81649658092772615  a  1  2  3  7 4 5 90  b  1  2  3  7 6
4
-0.28867513459481292  a  1  2  3  7 5 6 90  b  1  2  3  7 4
0.28867513459481292  a  1  2  3  7 4 6 90  b  1  2  3  7 5
-0.28867513459481292  a  1  2  3  7 4 5 90  b  1  2  3  7 6
-0.866025403784439    a  1  2  3  7 4 5 6  b  1  2  3  7 90
2
0.70710678118654746  a  1  2  4  7 3 6 90  b  1  2  4  7 5
0.70710678118654746  a  1  2  4  7 5 6 90  b  1  2  4  7 3
3
-0.40824829046386307  a  1  2  4  7 5 6 90  b  1  2  4  7 3
0.40824829046386307  a  1  2  4  7 3 6 90  b  1  2  4  7 5
0.81649658092772615  a  1  2  4  7 3 5 90  b  1  2  4  7 6
4
-0.28867513459481292  a  1  2  4  7 5 6 90  b  1  2  4  7 3
0.28867513459481292  a  1  2  4  7 3 6 90  b  1  2  4  7 5
-0.28867513459481292  a  1  2  4  7 3 5 90  b  1  2  4  7 6
-0.866025403784439    a  1  2  4  7 3 5 6  b  1  2  4  7 90
2
0.70710678118654746  a  1  2  5  7 3 6 90  b  1  2  5  7 4
0.70710678118654746  a  1  2  5  7 4 6 90  b  1  2  5  7 3
3
-0.40824829046386307  a  1  2  5  7 4 6 90  b  1  2  5  7 3
0.40824829046386307  a  1  2  5  7 3 6 90  b  1  2  5  7 4
0.81649658092772615  a  1  2  5  7 3 4 90  b  1  2  5  7 6
4
-0.28867513459481292  a  1  2  5  7 4 6 90  b  1  2  5  7 3
0.28867513459481292  a  1  2  5  7 3 6 90  b  1  2  5  7 4
-0.28867513459481292  a  1  2  5  7 3 4 90  b  1  2  5  7 6
-0.866025403784439    a  1  2  5  7 3 4 6  b  1  2  5  7 90
2
0.70710678118654746  a  1  3  4  7 2 6 90  b  1  3  4  7 5
0.70710678118654746  a  1  3  4  7 5 6 90  b  1  3  4  7 2
3
-0.40824829046386307  a  1  3  4  7 5 6 90  b  1  3  4  7 2
0.40824829046386307  a  1  3  4  7 2 6 90  b  1  3  4  7 5
0.81649658092772615  a  1  3  4  7 2 5 90  b  1  3  4  7 6
4
-0.28867513459481292  a  1  3  4  7 5 6 90  b  1  3  4  7 2
0.28867513459481292  a  1  3  4  7 2 6 90  b  1  3  4  7 5
-0.28867513459481292  a  1  3  4  7 2 5 90  b  1  3  4  7 6
-0.866025403784439    a  1  3  4  7 2 5 6  b  1  3  4  7 90
2
0.70710678118654746  a  1  3  5  7 2 6 90  b  1  3  5  7 4
0.70710678118654746  a  1  3  5  7 4 6 90  b  1  3  5  7 2
3
-0.40824829046386307  a  1  3  5  7 4 6 90  b  1  3  5  7 2
0.40824829046386307  a  1  3  5  7 2 6 90  b  1  3  5  7 4
0.81649658092772615  a  1  3  5  7 2 4 90  b  1  3  5  7 6
4
-0.28867513459481292  a  1  3  5  7 4 6 90  b  1  3  5  7 2
0.28867513459481292  a  1  3  5  7 2 6 90  b  1  3  5  7 4
-0.28867513459481292  a  1  3  5  7 2 4 90  b  1  3  5  7 6
-0.866025403784439    a  1  3  5  7 2 4 6  b  1  3  5  7 90
2
0.70710678118654746  a  1  4  5  7 2 6 90  b  1  4  5  7 3
0.70710678118654746  a  1  4  5  7 3 6 90  b  1  4  5  7 2
3
-0.40824829046386307  a  1  4  5  7 3 6 90  b  1  4  5  7 2
0.40824829046386307  a  1  4  5  7 2 6 90  b  1  4  5  7 3
0.81649658092772615  a  1  4  5  7 2 3 90  b  1  4  5  7 6
4
-0.28867513459481292  a  1  4  5  7 3 6 90  b  1  4  5  7 2
0.28867513459481292  a  1  4  5  7 2 6 90  b  1  4  5  7 3
-0.28867513459481292  a  1  4  5  7 2 3 90  b  1  4  5  7 6
-0.866025403784439    a  1  4  5  7 2 3 6  b  1  4  5  7 90
2
0.70710678118654746  a  2  3  4  7 1 6 90  b  2  3  4  7 5
0.70710678118654746  a  2  3  4  7 5 6 90  b  2  3  4  7 1
3
-0.40824829046386307  a  2  3  4  7 5 6 90  b  2  3  4  7 1
0.40824829046386307  a  2  3  4  7 1 6 90  b  2  3  4  7 5
0.81649658092772615  a  2  3  4  7 1 5 90  b  2  3  4  7 6
4
-0.28867513459481292  a  2  3  4  7 5 6 90  b  2  3  4  7 1
0.28867513459481292  a  2  3  4  7 1 6 90  b  2  3  4  7 5
-0.28867513459481292  a  2  3  4  7 1 5 90  b  2  3  4  7 6
-0.866025403784439    a  2  3  4  7 1 5 6  b  2  3  4  7 90
2
0.70710678118654746  a  2  3  5  7 1 6 90  b  2  3  5  7 4
0.70710678118654746  a  2  3  5  7 4 6 90  b  2  3  5  7 1
3
-0.40824829046386307  a  2  3  5  7 4 6 90  b  2  3  5  7 1
0.40824829046386307  a  2  3  5  7 1 6 90  b  2  3  5  7 4
0.81649658092772615  a  2  3  5  7 1 4 90  b  2  3  5  7 6
4
-0.28867513459481292  a  2  3  5  7 4 6 90  b  2  3  5  7 1
0.28867513459481292  a  2  3  5  7 1 6 90  b  2  3  5  7 4
-0.28867513459481292  a  2  3  5  7 1 4 90  b  2  3  5  7 6
-0.866025403784439    a  2  3  5  7 1 4 6  b  2  3  5  7 90
2
0.70710678118654746  a  2  4  5  7 1 6 90  b  2  4  5  7 3
0.70710678118654746  a  2  4  5  7 3 6 90  b  2  4  5  7 1
3
-0.40824829046386307  a  2  4  5  7 3 6 90  b  2  4  5  7 1
0.40824829046386307  a  2  4  5  7 1 6 90  b  2  4  5  7 3
0.81649658092772615  a  2  4  5  7 1 3 90  b  2  4  5  7 6
4
-0.28867513459481292  a  2  4  5  7 3 6 90  b  2  4  5  7 1
0.28867513459481292  a  2  4  5  7 1 6 90  b  2  4  5  7 3
-0.28867513459481292  a  2  4  5  7 1 3 90  b  2  4  5  7 6
-0.866025403784439    a  2  4  5  7 1 3 6  b  2  4  5  7 90
2
0.70710678118654746  a  3  4  5  7 1 6 90  b  3  4  5  7 2
0.70710678118654746  a  3  4  5  7 2 6 90  b  3  4  5  7 1
3
-0.40824829046386307  a  3  4  5  7 2 6 90  b  3  4  5  7 1
0.40824829046386307  a  3  4  5  7 1 6 90  b  3  4  5  7 2
0.81649658092772615  a  3  4  5  7 1 2 90  b  3  4  5  7 6
4
-0.28867513459481292  a  3  4  5  7 2 6 90  b  3  4  5  7 1
0.28867513459481292  a  3  4  5  7 1 6 90  b  3  4  5  7 2
-0.28867513459481292  a  3  4  5  7 1 2 90  b  3  4  5  7 6
-0.866025403784439    a  3  4  5  7 1 2 6  b  3  4  5  7 90
1
1.0  a  1  2  3  4  7 6  90  b  1  2  3  4  7
1
1.0  a  1  2  3  5  7 6  90  b  1  2  3  5  7
1
1.0  a  1  2  4  5  7 6  90  b  1  2  4  5  7
1
1.0  a  1  3  4  5  7 6  90  b  1  3  4  5  7
1
1.0  a  2  3  4  5  7 6  90  b  2  3  4  5  7
