35 0.000000000000001
 ci_co_final_o_trip_76 
7 5
35
2
0.70710678118654746  a  1  2  3  6 4 7 76  b  1  2  3  6 5
0.70710678118654746  a  1  2  3  6 5 7 76  b  1  2  3  6 4
3
-0.40824829046386307  a  1  2  3  6 5 7 76  b  1  2  3  6 4
0.40824829046386307  a  1  2  3  6 4 7 76  b  1  2  3  6 5
0.81649658092772615  a  1  2  3  6 4 5 76  b  1  2  3  6 7
4
-0.28867513459481292  a  1  2  3  6 5 7 76  b  1  2  3  6 4
0.28867513459481292  a  1  2  3  6 4 7 76  b  1  2  3  6 5
-0.28867513459481292  a  1  2  3  6 4 5 76  b  1  2  3  6 7
-0.866025403784439    a  1  2  3  6 4 5 7  b  1  2  3  6 76
2
0.70710678118654746  a  1  2  4  6 3 7 76  b  1  2  4  6 5
0.70710678118654746  a  1  2  4  6 5 7 76  b  1  2  4  6 3
3
-0.40824829046386307  a  1  2  4  6 5 7 76  b  1  2  4  6 3
0.40824829046386307  a  1  2  4  6 3 7 76  b  1  2  4  6 5
0.81649658092772615  a  1  2  4  6 3 5 76  b  1  2  4  6 7
4
-0.28867513459481292  a  1  2  4  6 5 7 76  b  1  2  4  6 3
0.28867513459481292  a  1  2  4  6 3 7 76  b  1  2  4  6 5
-0.28867513459481292  a  1  2  4  6 3 5 76  b  1  2  4  6 7
-0.866025403784439    a  1  2  4  6 3 5 7  b  1  2  4  6 76
2
0.70710678118654746  a  1  2  5  6 3 7 76  b  1  2  5  6 4
0.70710678118654746  a  1  2  5  6 4 7 76  b  1  2  5  6 3
3
-0.40824829046386307  a  1  2  5  6 4 7 76  b  1  2  5  6 3
0.40824829046386307  a  1  2  5  6 3 7 76  b  1  2  5  6 4
0.81649658092772615  a  1  2  5  6 3 4 76  b  1  2  5  6 7
4
-0.28867513459481292  a  1  2  5  6 4 7 76  b  1  2  5  6 3
0.28867513459481292  a  1  2  5  6 3 7 76  b  1  2  5  6 4
-0.28867513459481292  a  1  2  5  6 3 4 76  b  1  2  5  6 7
-0.866025403784439    a  1  2  5  6 3 4 7  b  1  2  5  6 76
2
0.70710678118654746  a  1  3  4  6 2 7 76  b  1  3  4  6 5
0.70710678118654746  a  1  3  4  6 5 7 76  b  1  3  4  6 2
3
-0.40824829046386307  a  1  3  4  6 5 7 76  b  1  3  4  6 2
0.40824829046386307  a  1  3  4  6 2 7 76  b  1  3  4  6 5
0.81649658092772615  a  1  3  4  6 2 5 76  b  1  3  4  6 7
4
-0.28867513459481292  a  1  3  4  6 5 7 76  b  1  3  4  6 2
0.28867513459481292  a  1  3  4  6 2 7 76  b  1  3  4  6 5
-0.28867513459481292  a  1  3  4  6 2 5 76  b  1  3  4  6 7
-0.866025403784439    a  1  3  4  6 2 5 7  b  1  3  4  6 76
2
0.70710678118654746  a  1  3  5  6 2 7 76  b  1  3  5  6 4
0.70710678118654746  a  1  3  5  6 4 7 76  b  1  3  5  6 2
3
-0.40824829046386307  a  1  3  5  6 4 7 76  b  1  3  5  6 2
0.40824829046386307  a  1  3  5  6 2 7 76  b  1  3  5  6 4
0.81649658092772615  a  1  3  5  6 2 4 76  b  1  3  5  6 7
4
-0.28867513459481292  a  1  3  5  6 4 7 76  b  1  3  5  6 2
0.28867513459481292  a  1  3  5  6 2 7 76  b  1  3  5  6 4
-0.28867513459481292  a  1  3  5  6 2 4 76  b  1  3  5  6 7
-0.866025403784439    a  1  3  5  6 2 4 7  b  1  3  5  6 76
2
0.70710678118654746  a  1  4  5  6 2 7 76  b  1  4  5  6 3
0.70710678118654746  a  1  4  5  6 3 7 76  b  1  4  5  6 2
3
-0.40824829046386307  a  1  4  5  6 3 7 76  b  1  4  5  6 2
0.40824829046386307  a  1  4  5  6 2 7 76  b  1  4  5  6 3
0.81649658092772615  a  1  4  5  6 2 3 76  b  1  4  5  6 7
4
-0.28867513459481292  a  1  4  5  6 3 7 76  b  1  4  5  6 2
0.28867513459481292  a  1  4  5  6 2 7 76  b  1  4  5  6 3
-0.28867513459481292  a  1  4  5  6 2 3 76  b  1  4  5  6 7
-0.866025403784439    a  1  4  5  6 2 3 7  b  1  4  5  6 76
2
0.70710678118654746  a  2  3  4  6 1 7 76  b  2  3  4  6 5
0.70710678118654746  a  2  3  4  6 5 7 76  b  2  3  4  6 1
3
-0.40824829046386307  a  2  3  4  6 5 7 76  b  2  3  4  6 1
0.40824829046386307  a  2  3  4  6 1 7 76  b  2  3  4  6 5
0.81649658092772615  a  2  3  4  6 1 5 76  b  2  3  4  6 7
4
-0.28867513459481292  a  2  3  4  6 5 7 76  b  2  3  4  6 1
0.28867513459481292  a  2  3  4  6 1 7 76  b  2  3  4  6 5
-0.28867513459481292  a  2  3  4  6 1 5 76  b  2  3  4  6 7
-0.866025403784439    a  2  3  4  6 1 5 7  b  2  3  4  6 76
2
0.70710678118654746  a  2  3  5  6 1 7 76  b  2  3  5  6 4
0.70710678118654746  a  2  3  5  6 4 7 76  b  2  3  5  6 1
3
-0.40824829046386307  a  2  3  5  6 4 7 76  b  2  3  5  6 1
0.40824829046386307  a  2  3  5  6 1 7 76  b  2  3  5  6 4
0.81649658092772615  a  2  3  5  6 1 4 76  b  2  3  5  6 7
4
-0.28867513459481292  a  2  3  5  6 4 7 76  b  2  3  5  6 1
0.28867513459481292  a  2  3  5  6 1 7 76  b  2  3  5  6 4
-0.28867513459481292  a  2  3  5  6 1 4 76  b  2  3  5  6 7
-0.866025403784439    a  2  3  5  6 1 4 7  b  2  3  5  6 76
2
0.70710678118654746  a  2  4  5  6 1 7 76  b  2  4  5  6 3
0.70710678118654746  a  2  4  5  6 3 7 76  b  2  4  5  6 1
3
-0.40824829046386307  a  2  4  5  6 3 7 76  b  2  4  5  6 1
0.40824829046386307  a  2  4  5  6 1 7 76  b  2  4  5  6 3
0.81649658092772615  a  2  4  5  6 1 3 76  b  2  4  5  6 7
4
-0.28867513459481292  a  2  4  5  6 3 7 76  b  2  4  5  6 1
0.28867513459481292  a  2  4  5  6 1 7 76  b  2  4  5  6 3
-0.28867513459481292  a  2  4  5  6 1 3 76  b  2  4  5  6 7
-0.866025403784439    a  2  4  5  6 1 3 7  b  2  4  5  6 76
2
0.70710678118654746  a  3  4  5  6 1 7 76  b  3  4  5  6 2
0.70710678118654746  a  3  4  5  6 2 7 76  b  3  4  5  6 1
3
-0.40824829046386307  a  3  4  5  6 2 7 76  b  3  4  5  6 1
0.40824829046386307  a  3  4  5  6 1 7 76  b  3  4  5  6 2
0.81649658092772615  a  3  4  5  6 1 2 76  b  3  4  5  6 7
4
-0.28867513459481292  a  3  4  5  6 2 7 76  b  3  4  5  6 1
0.28867513459481292  a  3  4  5  6 1 7 76  b  3  4  5  6 2
-0.28867513459481292  a  3  4  5  6 1 2 76  b  3  4  5  6 7
-0.866025403784439    a  3  4  5  6 1 2 7  b  3  4  5  6 76
1
1.0  a  1  2  3  4  6 7  76  b  1  2  3  4  6
1
1.0  a  1  2  3  5  6 7  76  b  1  2  3  5  6
1
1.0  a  1  2  4  5  6 7  76  b  1  2  4  5  6
1
1.0  a  1  3  4  5  6 7  76  b  1  3  4  5  6
1
1.0  a  2  3  4  5  6 7  76  b  2  3  4  5  6
