25 0.000000000000001
 ci_co_final_o_sing_163 
6 6
25
4
0.5  a  1  2  3  6 4 7  b  1  2  3  6 5 163
0.5  a  1  2  3  6 4 163  b  1  2  3  6 5 7
0.5  a  1  2  3  6 5 7  b  1  2  3  6 4 163
0.5  a  1  2  3  6 5 163  b  1  2  3  6 4 7
6
0.57735026918962584  a  1  2  3  6 4 5  b  1  2  3  6 7 163
0.57735026918962584  a  1  2  3  6 7 163  b  1  2  3  6 4 5
0.28867513459481292  a  1  2  3  6 4 7  b  1  2  3  6 5 163
0.28867513459481292  a  1  2  3  6 5 163  b  1  2  3  6 4 7
-0.28867513459481292  a  1  2  3  6 4 163  b  1  2  3  6 5 7
-0.28867513459481292  a  1  2  3  6 5 7  b  1  2  3  6 4 163
4
0.5  a  1  2  4  6 3 7  b  1  2  4  6 5 163
0.5  a  1  2  4  6 3 163  b  1  2  4  6 5 7
0.5  a  1  2  4  6 5 7  b  1  2  4  6 3 163
0.5  a  1  2  4  6 5 163  b  1  2  4  6 3 7
6
0.57735026918962584  a  1  2  4  6 3 5  b  1  2  4  6 7 163
0.57735026918962584  a  1  2  4  6 7 163  b  1  2  4  6 3 5
0.28867513459481292  a  1  2  4  6 3 7  b  1  2  4  6 5 163
0.28867513459481292  a  1  2  4  6 5 163  b  1  2  4  6 3 7
-0.28867513459481292  a  1  2  4  6 3 163  b  1  2  4  6 5 7
-0.28867513459481292  a  1  2  4  6 5 7  b  1  2  4  6 3 163
4
0.5  a  1  2  5  6 3 7  b  1  2  5  6 4 163
0.5  a  1  2  5  6 3 163  b  1  2  5  6 4 7
0.5  a  1  2  5  6 4 7  b  1  2  5  6 3 163
0.5  a  1  2  5  6 4 163  b  1  2  5  6 3 7
6
0.57735026918962584  a  1  2  5  6 3 4  b  1  2  5  6 7 163
0.57735026918962584  a  1  2  5  6 7 163  b  1  2  5  6 3 4
0.28867513459481292  a  1  2  5  6 3 7  b  1  2  5  6 4 163
0.28867513459481292  a  1  2  5  6 4 163  b  1  2  5  6 3 7
-0.28867513459481292  a  1  2  5  6 3 163  b  1  2  5  6 4 7
-0.28867513459481292  a  1  2  5  6 4 7  b  1  2  5  6 3 163
4
0.5  a  1  3  4  6 2 7  b  1  3  4  6 5 163
0.5  a  1  3  4  6 2 163  b  1  3  4  6 5 7
0.5  a  1  3  4  6 5 7  b  1  3  4  6 2 163
0.5  a  1  3  4  6 5 163  b  1  3  4  6 2 7
6
0.57735026918962584  a  1  3  4  6 2 5  b  1  3  4  6 7 163
0.57735026918962584  a  1  3  4  6 7 163  b  1  3  4  6 2 5
0.28867513459481292  a  1  3  4  6 2 7  b  1  3  4  6 5 163
0.28867513459481292  a  1  3  4  6 5 163  b  1  3  4  6 2 7
-0.28867513459481292  a  1  3  4  6 2 163  b  1  3  4  6 5 7
-0.28867513459481292  a  1  3  4  6 5 7  b  1  3  4  6 2 163
4
0.5  a  1  3  5  6 2 7  b  1  3  5  6 4 163
0.5  a  1  3  5  6 2 163  b  1  3  5  6 4 7
0.5  a  1  3  5  6 4 7  b  1  3  5  6 2 163
0.5  a  1  3  5  6 4 163  b  1  3  5  6 2 7
6
0.57735026918962584  a  1  3  5  6 2 4  b  1  3  5  6 7 163
0.57735026918962584  a  1  3  5  6 7 163  b  1  3  5  6 2 4
0.28867513459481292  a  1  3  5  6 2 7  b  1  3  5  6 4 163
0.28867513459481292  a  1  3  5  6 4 163  b  1  3  5  6 2 7
-0.28867513459481292  a  1  3  5  6 2 163  b  1  3  5  6 4 7
-0.28867513459481292  a  1  3  5  6 4 7  b  1  3  5  6 2 163
4
0.5  a  1  4  5  6 2 7  b  1  4  5  6 3 163
0.5  a  1  4  5  6 2 163  b  1  4  5  6 3 7
0.5  a  1  4  5  6 3 7  b  1  4  5  6 2 163
0.5  a  1  4  5  6 3 163  b  1  4  5  6 2 7
6
0.57735026918962584  a  1  4  5  6 2 3  b  1  4  5  6 7 163
0.57735026918962584  a  1  4  5  6 7 163  b  1  4  5  6 2 3
0.28867513459481292  a  1  4  5  6 2 7  b  1  4  5  6 3 163
0.28867513459481292  a  1  4  5  6 3 163  b  1  4  5  6 2 7
-0.28867513459481292  a  1  4  5  6 2 163  b  1  4  5  6 3 7
-0.28867513459481292  a  1  4  5  6 3 7  b  1  4  5  6 2 163
4
0.5  a  2  3  4  6 1 7  b  2  3  4  6 5 163
0.5  a  2  3  4  6 1 163  b  2  3  4  6 5 7
0.5  a  2  3  4  6 5 7  b  2  3  4  6 1 163
0.5  a  2  3  4  6 5 163  b  2  3  4  6 1 7
6
0.57735026918962584  a  2  3  4  6 1 5  b  2  3  4  6 7 163
0.57735026918962584  a  2  3  4  6 7 163  b  2  3  4  6 1 5
0.28867513459481292  a  2  3  4  6 1 7  b  2  3  4  6 5 163
0.28867513459481292  a  2  3  4  6 5 163  b  2  3  4  6 1 7
-0.28867513459481292  a  2  3  4  6 1 163  b  2  3  4  6 5 7
-0.28867513459481292  a  2  3  4  6 5 7  b  2  3  4  6 1 163
4
0.5  a  2  3  5  6 1 7  b  2  3  5  6 4 163
0.5  a  2  3  5  6 1 163  b  2  3  5  6 4 7
0.5  a  2  3  5  6 4 7  b  2  3  5  6 1 163
0.5  a  2  3  5  6 4 163  b  2  3  5  6 1 7
6
0.57735026918962584  a  2  3  5  6 1 4  b  2  3  5  6 7 163
0.57735026918962584  a  2  3  5  6 7 163  b  2  3  5  6 1 4
0.28867513459481292  a  2  3  5  6 1 7  b  2  3  5  6 4 163
0.28867513459481292  a  2  3  5  6 4 163  b  2  3  5  6 1 7
-0.28867513459481292  a  2  3  5  6 1 163  b  2  3  5  6 4 7
-0.28867513459481292  a  2  3  5  6 4 7  b  2  3  5  6 1 163
4
0.5  a  2  4  5  6 1 7  b  2  4  5  6 3 163
0.5  a  2  4  5  6 1 163  b  2  4  5  6 3 7
0.5  a  2  4  5  6 3 7  b  2  4  5  6 1 163
0.5  a  2  4  5  6 3 163  b  2  4  5  6 1 7
6
0.57735026918962584  a  2  4  5  6 1 3  b  2  4  5  6 7 163
0.57735026918962584  a  2  4  5  6 7 163  b  2  4  5  6 1 3
0.28867513459481292  a  2  4  5  6 1 7  b  2  4  5  6 3 163
0.28867513459481292  a  2  4  5  6 3 163  b  2  4  5  6 1 7
-0.28867513459481292  a  2  4  5  6 1 163  b  2  4  5  6 3 7
-0.28867513459481292  a  2  4  5  6 3 7  b  2  4  5  6 1 163
4
0.5  a  3  4  5  6 1 7  b  3  4  5  6 2 163
0.5  a  3  4  5  6 1 163  b  3  4  5  6 2 7
0.5  a  3  4  5  6 2 7  b  3  4  5  6 1 163
0.5  a  3  4  5  6 2 163  b  3  4  5  6 1 7
6
0.57735026918962584  a  3  4  5  6 1 2  b  3  4  5  6 7 163
0.57735026918962584  a  3  4  5  6 7 163  b  3  4  5  6 1 2
0.28867513459481292  a  3  4  5  6 1 7  b  3  4  5  6 2 163
0.28867513459481292  a  3  4  5  6 2 163  b  3  4  5  6 1 7
-0.28867513459481292  a  3  4  5  6 1 163  b  3  4  5  6 2 7
-0.28867513459481292  a  3  4  5  6 2 7  b  3  4  5  6 1 163
2
0.70710678118654746  a  1  2  3  4  6 7  b  1  2  3  4  6 163
0.70710678118654746  a  1  2  3  4  6 163  b  1  2  3  4  6 7
2
0.70710678118654746  a  1  2  3  5  6 7  b  1  2  3  5  6 163
0.70710678118654746  a  1  2  3  5  6 163  b  1  2  3  5  6 7
2
0.70710678118654746  a  1  2  4  5  6 7  b  1  2  4  5  6 163
0.70710678118654746  a  1  2  4  5  6 163  b  1  2  4  5  6 7
2
0.70710678118654746  a  1  3  4  5  6 7  b  1  3  4  5  6 163
0.70710678118654746  a  1  3  4  5  6 163  b  1  3  4  5  6 7
2
0.70710678118654746  a  2  3  4  5  6 7  b  2  3  4  5  6 163
0.70710678118654746  a  2  3  4  5  6 163  b  2  3  4  5  6 7
