224 0.000000000000001
 ci_hehe_final_triplet 
2 2
224
1
1.0  a  1 2  23  b  1
1
1.0  a  1 2  24  b  1
1
1.0  a  1 2  25  b  1
1
1.0  a  1 2  26  b  1
1
1.0  a  1 2  27  b  1
1
1.0  a  1 2  28  b  1
1
1.0  a  1 2  29  b  1
1
1.0  a  1 2  30  b  1
1
1.0  a  1 2  31  b  1
1
1.0  a  1 2  32  b  1
1
1.0  a  1 2  33  b  1
1
1.0  a  1 2  34  b  1
1
1.0  a  1 2  35  b  1
1
1.0  a  1 2  36  b  1
1
1.0  a  1 2  37  b  1
1
1.0  a  1 2  38  b  1
1
1.0  a  1 2  39  b  1
1
1.0  a  1 2  40  b  1
1
1.0  a  1 2  41  b  1
1
1.0  a  1 2  42  b  1
1
1.0  a  1 2  43  b  1
1
1.0  a  1 2  44  b  1
1
1.0  a  1 2  45  b  1
1
1.0  a  1 2  46  b  1
1
1.0  a  1 2  47  b  1
1
1.0  a  1 2  48  b  1
1
1.0  a  1 2  49  b  1
1
1.0  a  1 2  50  b  1
1
1.0  a  1 2  51  b  1
1
1.0  a  1 2  52  b  1
1
1.0  a  1 2  53  b  1
1
1.0  a  1 2  54  b  1
1
1.0  a  1 2  55  b  1
1
1.0  a  1 2  56  b  1
1
1.0  a  1 2  57  b  1
1
1.0  a  1 2  58  b  1
1
1.0  a  1 2  59  b  1
1
1.0  a  1 2  60  b  1
1
1.0  a  1 2  61  b  1
1
1.0  a  1 2  62  b  1
1
1.0  a  1 2  63  b  1
1
1.0  a  1 2  64  b  1
1
1.0  a  1 2  65  b  1
1
1.0  a  1 2  66  b  1
1
1.0  a  1 2  67  b  1
1
1.0  a  1 2  68  b  1
1
1.0  a  1 2  69  b  1
1
1.0  a  1 2  70  b  1
1
1.0  a  1 2  71  b  1
1
1.0  a  1 2  72  b  1
1
1.0  a  1 2  73  b  1
1
1.0  a  1 2  74  b  1
1
1.0  a  1 2  75  b  1
1
1.0  a  1 2  76  b  1
1
1.0  a  1 2  77  b  1
1
1.0  a  1 2  78  b  1
1
1.0  a  1 2  79  b  1
1
1.0  a  1 2  80  b  1
1
1.0  a  1 2  81  b  1
1
1.0  a  1 2  82  b  1
1
1.0  a  1 2  83  b  1
1
1.0  a  1 2  84  b  1
1
1.0  a  1 2  85  b  1
1
1.0  a  1 2  86  b  1
1
1.0  a  1 2  87  b  1
1
1.0  a  1 2  88  b  1
1
1.0  a  1 2  89  b  1
1
1.0  a  1 2  90  b  1
1
1.0  a  1 2  91  b  1
1
1.0  a  1 2  92  b  1
1
1.0  a  1 2  93  b  1
1
1.0  a  1 2  94  b  1
1
1.0  a  1 2  95  b  1
1
1.0  a  1 2  96  b  1
1
1.0  a  1 2  97  b  1
1
1.0  a  1 2  98  b  1
1
1.0  a  1 2  99  b  1
1
1.0  a  1 2  100  b  1
1
1.0  a  1 2  101  b  1
1
1.0  a  1 2  102  b  1
1
1.0  a  1 2  103  b  1
1
1.0  a  1 2  104  b  1
1
1.0  a  1 2  105  b  1
1
1.0  a  1 2  106  b  1
1
1.0  a  1 2  107  b  1
1
1.0  a  1 2  108  b  1
1
1.0  a  1 2  109  b  1
1
1.0  a  1 2  110  b  1
1
1.0  a  1 2  111  b  1
1
1.0  a  1 2  112  b  1
1
1.0  a  1 2  113  b  1
1
1.0  a  1 2  114  b  1
1
1.0  a  1 2  115  b  1
1
1.0  a  1 2  116  b  1
1
1.0  a  1 2  117  b  1
1
1.0  a  1 2  118  b  1
1
1.0  a  1 2  119  b  1
1
1.0  a  1 2  120  b  1
1
1.0  a  1 2  121  b  1
1
1.0  a  1 2  122  b  1
1
1.0  a  1 2  123  b  1
1
1.0  a  1 2  124  b  1
1
1.0  a  1 2  125  b  1
1
1.0  a  1 2  126  b  1
1
1.0  a  1 2  127  b  1
1
1.0  a  1 2  128  b  1
1
1.0  a  1 2  129  b  1
1
1.0  a  1 2  130  b  1
1
1.0  a  1 2  131  b  1
1
1.0  a  1 2  132  b  1
1
1.0  a  1 2  133  b  1
1
1.0  a  1 2  134  b  1
1
1.0  a  2 1  23  b  2
1
1.0  a  2 1  24  b  2
1
1.0  a  2 1  25  b  2
1
1.0  a  2 1  26  b  2
1
1.0  a  2 1  27  b  2
1
1.0  a  2 1  28  b  2
1
1.0  a  2 1  29  b  2
1
1.0  a  2 1  30  b  2
1
1.0  a  2 1  31  b  2
1
1.0  a  2 1  32  b  2
1
1.0  a  2 1  33  b  2
1
1.0  a  2 1  34  b  2
1
1.0  a  2 1  35  b  2
1
1.0  a  2 1  36  b  2
1
1.0  a  2 1  37  b  2
1
1.0  a  2 1  38  b  2
1
1.0  a  2 1  39  b  2
1
1.0  a  2 1  40  b  2
1
1.0  a  2 1  41  b  2
1
1.0  a  2 1  42  b  2
1
1.0  a  2 1  43  b  2
1
1.0  a  2 1  44  b  2
1
1.0  a  2 1  45  b  2
1
1.0  a  2 1  46  b  2
1
1.0  a  2 1  47  b  2
1
1.0  a  2 1  48  b  2
1
1.0  a  2 1  49  b  2
1
1.0  a  2 1  50  b  2
1
1.0  a  2 1  51  b  2
1
1.0  a  2 1  52  b  2
1
1.0  a  2 1  53  b  2
1
1.0  a  2 1  54  b  2
1
1.0  a  2 1  55  b  2
1
1.0  a  2 1  56  b  2
1
1.0  a  2 1  57  b  2
1
1.0  a  2 1  58  b  2
1
1.0  a  2 1  59  b  2
1
1.0  a  2 1  60  b  2
1
1.0  a  2 1  61  b  2
1
1.0  a  2 1  62  b  2
1
1.0  a  2 1  63  b  2
1
1.0  a  2 1  64  b  2
1
1.0  a  2 1  65  b  2
1
1.0  a  2 1  66  b  2
1
1.0  a  2 1  67  b  2
1
1.0  a  2 1  68  b  2
1
1.0  a  2 1  69  b  2
1
1.0  a  2 1  70  b  2
1
1.0  a  2 1  71  b  2
1
1.0  a  2 1  72  b  2
1
1.0  a  2 1  73  b  2
1
1.0  a  2 1  74  b  2
1
1.0  a  2 1  75  b  2
1
1.0  a  2 1  76  b  2
1
1.0  a  2 1  77  b  2
1
1.0  a  2 1  78  b  2
1
1.0  a  2 1  79  b  2
1
1.0  a  2 1  80  b  2
1
1.0  a  2 1  81  b  2
1
1.0  a  2 1  82  b  2
1
1.0  a  2 1  83  b  2
1
1.0  a  2 1  84  b  2
1
1.0  a  2 1  85  b  2
1
1.0  a  2 1  86  b  2
1
1.0  a  2 1  87  b  2
1
1.0  a  2 1  88  b  2
1
1.0  a  2 1  89  b  2
1
1.0  a  2 1  90  b  2
1
1.0  a  2 1  91  b  2
1
1.0  a  2 1  92  b  2
1
1.0  a  2 1  93  b  2
1
1.0  a  2 1  94  b  2
1
1.0  a  2 1  95  b  2
1
1.0  a  2 1  96  b  2
1
1.0  a  2 1  97  b  2
1
1.0  a  2 1  98  b  2
1
1.0  a  2 1  99  b  2
1
1.0  a  2 1  100  b  2
1
1.0  a  2 1  101  b  2
1
1.0  a  2 1  102  b  2
1
1.0  a  2 1  103  b  2
1
1.0  a  2 1  104  b  2
1
1.0  a  2 1  105  b  2
1
1.0  a  2 1  106  b  2
1
1.0  a  2 1  107  b  2
1
1.0  a  2 1  108  b  2
1
1.0  a  2 1  109  b  2
1
1.0  a  2 1  110  b  2
1
1.0  a  2 1  111  b  2
1
1.0  a  2 1  112  b  2
1
1.0  a  2 1  113  b  2
1
1.0  a  2 1  114  b  2
1
1.0  a  2 1  115  b  2
1
1.0  a  2 1  116  b  2
1
1.0  a  2 1  117  b  2
1
1.0  a  2 1  118  b  2
1
1.0  a  2 1  119  b  2
1
1.0  a  2 1  120  b  2
1
1.0  a  2 1  121  b  2
1
1.0  a  2 1  122  b  2
1
1.0  a  2 1  123  b  2
1
1.0  a  2 1  124  b  2
1
1.0  a  2 1  125  b  2
1
1.0  a  2 1  126  b  2
1
1.0  a  2 1  127  b  2
1
1.0  a  2 1  128  b  2
1
1.0  a  2 1  129  b  2
1
1.0  a  2 1  130  b  2
1
1.0  a  2 1  131  b  2
1
1.0  a  2 1  132  b  2
1
1.0  a  2 1  133  b  2
1
1.0  a  2 1  134  b  2
