148 0.000000000000001
 ci_hehe_decay_triplet 
2 2
148
2
0.70710678118654746  a   1 3 4  b   2
0.70710678118654746  a   2 3 4  b   1
3
-0.40824829046386307  a   2 3 4  b   1
0.40824829046386307  a   1 3 4  b   2
0.81649658092772615  a   1 2 4  b   3
4
-0.28867513459481292  a   2 3 4  b   1
0.28867513459481292  a   1 3 4  b   2
-0.28867513459481292  a   1 2 4  b   3
-0.866025403784439    a   1 2 3  b   4
2
0.70710678118654746  a   1 3 5  b   2
0.70710678118654746  a   2 3 5  b   1
3
-0.40824829046386307  a   2 3 5  b   1
0.40824829046386307  a   1 3 5  b   2
0.81649658092772615  a   1 2 5  b   3
4
-0.28867513459481292  a   2 3 5  b   1
0.28867513459481292  a   1 3 5  b   2
-0.28867513459481292  a   1 2 5  b   3
-0.866025403784439    a   1 2 3  b   5
2
0.70710678118654746  a   1 3 6  b   2
0.70710678118654746  a   2 3 6  b   1
3
-0.40824829046386307  a   2 3 6  b   1
0.40824829046386307  a   1 3 6  b   2
0.81649658092772615  a   1 2 6  b   3
4
-0.28867513459481292  a   2 3 6  b   1
0.28867513459481292  a   1 3 6  b   2
-0.28867513459481292  a   1 2 6  b   3
-0.866025403784439    a   1 2 3  b   6
2
0.70710678118654746  a   1 3 7  b   2
0.70710678118654746  a   2 3 7  b   1
3
-0.40824829046386307  a   2 3 7  b   1
0.40824829046386307  a   1 3 7  b   2
0.81649658092772615  a   1 2 7  b   3
4
-0.28867513459481292  a   2 3 7  b   1
0.28867513459481292  a   1 3 7  b   2
-0.28867513459481292  a   1 2 7  b   3
-0.866025403784439    a   1 2 3  b   7
2
0.70710678118654746  a   1 3 8  b   2
0.70710678118654746  a   2 3 8  b   1
3
-0.40824829046386307  a   2 3 8  b   1
0.40824829046386307  a   1 3 8  b   2
0.81649658092772615  a   1 2 8  b   3
4
-0.28867513459481292  a   2 3 8  b   1
0.28867513459481292  a   1 3 8  b   2
-0.28867513459481292  a   1 2 8  b   3
-0.866025403784439    a   1 2 3  b   8
2
0.70710678118654746  a   1 3 9  b   2
0.70710678118654746  a   2 3 9  b   1
3
-0.40824829046386307  a   2 3 9  b   1
0.40824829046386307  a   1 3 9  b   2
0.81649658092772615  a   1 2 9  b   3
4
-0.28867513459481292  a   2 3 9  b   1
0.28867513459481292  a   1 3 9  b   2
-0.28867513459481292  a   1 2 9  b   3
-0.866025403784439    a   1 2 3  b   9
2
0.70710678118654746  a   1 3 10  b   2
0.70710678118654746  a   2 3 10  b   1
3
-0.40824829046386307  a   2 3 10  b   1
0.40824829046386307  a   1 3 10  b   2
0.81649658092772615  a   1 2 10  b   3
4
-0.28867513459481292  a   2 3 10  b   1
0.28867513459481292  a   1 3 10  b   2
-0.28867513459481292  a   1 2 10  b   3
-0.866025403784439    a   1 2 3  b   10
1
1.0  a  3 1  2  b  3
2
0.70710678118654746  a   1 4 5  b   2
0.70710678118654746  a   2 4 5  b   1
3
-0.40824829046386307  a   2 4 5  b   1
0.40824829046386307  a   1 4 5  b   2
0.81649658092772615  a   1 2 5  b   4
4
-0.28867513459481292  a   2 4 5  b   1
0.28867513459481292  a   1 4 5  b   2
-0.28867513459481292  a   1 2 5  b   4
-0.866025403784439    a   1 2 4  b   5
2
0.70710678118654746  a   1 4 6  b   2
0.70710678118654746  a   2 4 6  b   1
3
-0.40824829046386307  a   2 4 6  b   1
0.40824829046386307  a   1 4 6  b   2
0.81649658092772615  a   1 2 6  b   4
4
-0.28867513459481292  a   2 4 6  b   1
0.28867513459481292  a   1 4 6  b   2
-0.28867513459481292  a   1 2 6  b   4
-0.866025403784439    a   1 2 4  b   6
2
0.70710678118654746  a   1 4 7  b   2
0.70710678118654746  a   2 4 7  b   1
3
-0.40824829046386307  a   2 4 7  b   1
0.40824829046386307  a   1 4 7  b   2
0.81649658092772615  a   1 2 7  b   4
4
-0.28867513459481292  a   2 4 7  b   1
0.28867513459481292  a   1 4 7  b   2
-0.28867513459481292  a   1 2 7  b   4
-0.866025403784439    a   1 2 4  b   7
2
0.70710678118654746  a   1 4 8  b   2
0.70710678118654746  a   2 4 8  b   1
3
-0.40824829046386307  a   2 4 8  b   1
0.40824829046386307  a   1 4 8  b   2
0.81649658092772615  a   1 2 8  b   4
4
-0.28867513459481292  a   2 4 8  b   1
0.28867513459481292  a   1 4 8  b   2
-0.28867513459481292  a   1 2 8  b   4
-0.866025403784439    a   1 2 4  b   8
2
0.70710678118654746  a   1 4 9  b   2
0.70710678118654746  a   2 4 9  b   1
3
-0.40824829046386307  a   2 4 9  b   1
0.40824829046386307  a   1 4 9  b   2
0.81649658092772615  a   1 2 9  b   4
4
-0.28867513459481292  a   2 4 9  b   1
0.28867513459481292  a   1 4 9  b   2
-0.28867513459481292  a   1 2 9  b   4
-0.866025403784439    a   1 2 4  b   9
2
0.70710678118654746  a   1 4 10  b   2
0.70710678118654746  a   2 4 10  b   1
3
-0.40824829046386307  a   2 4 10  b   1
0.40824829046386307  a   1 4 10  b   2
0.81649658092772615  a   1 2 10  b   4
4
-0.28867513459481292  a   2 4 10  b   1
0.28867513459481292  a   1 4 10  b   2
-0.28867513459481292  a   1 2 10  b   4
-0.866025403784439    a   1 2 4  b   10
1
1.0  a  4 1  2  b  4
2
0.70710678118654746  a   1 5 6  b   2
0.70710678118654746  a   2 5 6  b   1
3
-0.40824829046386307  a   2 5 6  b   1
0.40824829046386307  a   1 5 6  b   2
0.81649658092772615  a   1 2 6  b   5
4
-0.28867513459481292  a   2 5 6  b   1
0.28867513459481292  a   1 5 6  b   2
-0.28867513459481292  a   1 2 6  b   5
-0.866025403784439    a   1 2 5  b   6
2
0.70710678118654746  a   1 5 7  b   2
0.70710678118654746  a   2 5 7  b   1
3
-0.40824829046386307  a   2 5 7  b   1
0.40824829046386307  a   1 5 7  b   2
0.81649658092772615  a   1 2 7  b   5
4
-0.28867513459481292  a   2 5 7  b   1
0.28867513459481292  a   1 5 7  b   2
-0.28867513459481292  a   1 2 7  b   5
-0.866025403784439    a   1 2 5  b   7
2
0.70710678118654746  a   1 5 8  b   2
0.70710678118654746  a   2 5 8  b   1
3
-0.40824829046386307  a   2 5 8  b   1
0.40824829046386307  a   1 5 8  b   2
0.81649658092772615  a   1 2 8  b   5
4
-0.28867513459481292  a   2 5 8  b   1
0.28867513459481292  a   1 5 8  b   2
-0.28867513459481292  a   1 2 8  b   5
-0.866025403784439    a   1 2 5  b   8
2
0.70710678118654746  a   1 5 9  b   2
0.70710678118654746  a   2 5 9  b   1
3
-0.40824829046386307  a   2 5 9  b   1
0.40824829046386307  a   1 5 9  b   2
0.81649658092772615  a   1 2 9  b   5
4
-0.28867513459481292  a   2 5 9  b   1
0.28867513459481292  a   1 5 9  b   2
-0.28867513459481292  a   1 2 9  b   5
-0.866025403784439    a   1 2 5  b   9
2
0.70710678118654746  a   1 5 10  b   2
0.70710678118654746  a   2 5 10  b   1
3
-0.40824829046386307  a   2 5 10  b   1
0.40824829046386307  a   1 5 10  b   2
0.81649658092772615  a   1 2 10  b   5
4
-0.28867513459481292  a   2 5 10  b   1
0.28867513459481292  a   1 5 10  b   2
-0.28867513459481292  a   1 2 10  b   5
-0.866025403784439    a   1 2 5  b   10
1
1.0  a  5 1  2  b  5
2
0.70710678118654746  a   1 6 7  b   2
0.70710678118654746  a   2 6 7  b   1
3
-0.40824829046386307  a   2 6 7  b   1
0.40824829046386307  a   1 6 7  b   2
0.81649658092772615  a   1 2 7  b   6
4
-0.28867513459481292  a   2 6 7  b   1
0.28867513459481292  a   1 6 7  b   2
-0.28867513459481292  a   1 2 7  b   6
-0.866025403784439    a   1 2 6  b   7
2
0.70710678118654746  a   1 6 8  b   2
0.70710678118654746  a   2 6 8  b   1
3
-0.40824829046386307  a   2 6 8  b   1
0.40824829046386307  a   1 6 8  b   2
0.81649658092772615  a   1 2 8  b   6
4
-0.28867513459481292  a   2 6 8  b   1
0.28867513459481292  a   1 6 8  b   2
-0.28867513459481292  a   1 2 8  b   6
-0.866025403784439    a   1 2 6  b   8
2
0.70710678118654746  a   1 6 9  b   2
0.70710678118654746  a   2 6 9  b   1
3
-0.40824829046386307  a   2 6 9  b   1
0.40824829046386307  a   1 6 9  b   2
0.81649658092772615  a   1 2 9  b   6
4
-0.28867513459481292  a   2 6 9  b   1
0.28867513459481292  a   1 6 9  b   2
-0.28867513459481292  a   1 2 9  b   6
-0.866025403784439    a   1 2 6  b   9
2
0.70710678118654746  a   1 6 10  b   2
0.70710678118654746  a   2 6 10  b   1
3
-0.40824829046386307  a   2 6 10  b   1
0.40824829046386307  a   1 6 10  b   2
0.81649658092772615  a   1 2 10  b   6
4
-0.28867513459481292  a   2 6 10  b   1
0.28867513459481292  a   1 6 10  b   2
-0.28867513459481292  a   1 2 10  b   6
-0.866025403784439    a   1 2 6  b   10
1
1.0  a  6 1  2  b  6
2
0.70710678118654746  a   1 7 8  b   2
0.70710678118654746  a   2 7 8  b   1
3
-0.40824829046386307  a   2 7 8  b   1
0.40824829046386307  a   1 7 8  b   2
0.81649658092772615  a   1 2 8  b   7
4
-0.28867513459481292  a   2 7 8  b   1
0.28867513459481292  a   1 7 8  b   2
-0.28867513459481292  a   1 2 8  b   7
-0.866025403784439    a   1 2 7  b   8
2
0.70710678118654746  a   1 7 9  b   2
0.70710678118654746  a   2 7 9  b   1
3
-0.40824829046386307  a   2 7 9  b   1
0.40824829046386307  a   1 7 9  b   2
0.81649658092772615  a   1 2 9  b   7
4
-0.28867513459481292  a   2 7 9  b   1
0.28867513459481292  a   1 7 9  b   2
-0.28867513459481292  a   1 2 9  b   7
-0.866025403784439    a   1 2 7  b   9
2
0.70710678118654746  a   1 7 10  b   2
0.70710678118654746  a   2 7 10  b   1
3
-0.40824829046386307  a   2 7 10  b   1
0.40824829046386307  a   1 7 10  b   2
0.81649658092772615  a   1 2 10  b   7
4
-0.28867513459481292  a   2 7 10  b   1
0.28867513459481292  a   1 7 10  b   2
-0.28867513459481292  a   1 2 10  b   7
-0.866025403784439    a   1 2 7  b   10
1
1.0  a  7 1  2  b  7
2
0.70710678118654746  a   1 8 9  b   2
0.70710678118654746  a   2 8 9  b   1
3
-0.40824829046386307  a   2 8 9  b   1
0.40824829046386307  a   1 8 9  b   2
0.81649658092772615  a   1 2 9  b   8
4
-0.28867513459481292  a   2 8 9  b   1
0.28867513459481292  a   1 8 9  b   2
-0.28867513459481292  a   1 2 9  b   8
-0.866025403784439    a   1 2 8  b   9
2
0.70710678118654746  a   1 8 10  b   2
0.70710678118654746  a   2 8 10  b   1
3
-0.40824829046386307  a   2 8 10  b   1
0.40824829046386307  a   1 8 10  b   2
0.81649658092772615  a   1 2 10  b   8
4
-0.28867513459481292  a   2 8 10  b   1
0.28867513459481292  a   1 8 10  b   2
-0.28867513459481292  a   1 2 10  b   8
-0.866025403784439    a   1 2 8  b   10
1
1.0  a  8 1  2  b  8
2
0.70710678118654746  a   1 9 10  b   2
0.70710678118654746  a   2 9 10  b   1
3
-0.40824829046386307  a   2 9 10  b   1
0.40824829046386307  a   1 9 10  b   2
0.81649658092772615  a   1 2 10  b   9
4
-0.28867513459481292  a   2 9 10  b   1
0.28867513459481292  a   1 9 10  b   2
-0.28867513459481292  a   1 2 10  b   9
-0.866025403784439    a   1 2 9  b   10
1
1.0  a  9 1  2  b  9
1
1.0  a  10 1  2  b  10
1
1.0  a  1 3  4  b  1
1
1.0  a  1 3  5  b  1
1
1.0  a  1 3  6  b  1
1
1.0  a  1 3  7  b  1
1
1.0  a  1 3  8  b  1
1
1.0  a  1 3  9  b  1
1
1.0  a  1 3  10  b  1
1
1.0  a  1 4  5  b  1
1
1.0  a  1 4  6  b  1
1
1.0  a  1 4  7  b  1
1
1.0  a  1 4  8  b  1
1
1.0  a  1 4  9  b  1
1
1.0  a  1 4  10  b  1
1
1.0  a  1 5  6  b  1
1
1.0  a  1 5  7  b  1
1
1.0  a  1 5  8  b  1
1
1.0  a  1 5  9  b  1
1
1.0  a  1 5  10  b  1
1
1.0  a  1 6  7  b  1
1
1.0  a  1 6  8  b  1
1
1.0  a  1 6  9  b  1
1
1.0  a  1 6  10  b  1
1
1.0  a  1 7  8  b  1
1
1.0  a  1 7  9  b  1
1
1.0  a  1 7  10  b  1
1
1.0  a  1 8  9  b  1
1
1.0  a  1 8  10  b  1
1
1.0  a  1 9  10  b  1
1
1.0  a  2 3  4  b  2
1
1.0  a  2 3  5  b  2
1
1.0  a  2 3  6  b  2
1
1.0  a  2 3  7  b  2
1
1.0  a  2 3  8  b  2
1
1.0  a  2 3  9  b  2
1
1.0  a  2 3  10  b  2
1
1.0  a  2 4  5  b  2
1
1.0  a  2 4  6  b  2
1
1.0  a  2 4  7  b  2
1
1.0  a  2 4  8  b  2
1
1.0  a  2 4  9  b  2
1
1.0  a  2 4  10  b  2
1
1.0  a  2 5  6  b  2
1
1.0  a  2 5  7  b  2
1
1.0  a  2 5  8  b  2
1
1.0  a  2 5  9  b  2
1
1.0  a  2 5  10  b  2
1
1.0  a  2 6  7  b  2
1
1.0  a  2 6  8  b  2
1
1.0  a  2 6  9  b  2
1
1.0  a  2 6  10  b  2
1
1.0  a  2 7  8  b  2
1
1.0  a  2 7  9  b  2
1
1.0  a  2 7  10  b  2
1
1.0  a  2 8  9  b  2
1
1.0  a  2 8  10  b  2
1
1.0  a  2 9  10  b  2
