420 0.000000000000001
 ci_nexne_ion_quad
10 9
420
1
1.0  a  1  2  3  4  5  6  7  8 9  10  11  b  1  2  3  4  5  6  7  8
1
1.0  a  1  2  3  4  5  6  7  8 9  10  12  b  1  2  3  4  5  6  7  8
1
1.0  a  1  2  3  4  5  6  7  8 9  10  13  b  1  2  3  4  5  6  7  8
1
1.0  a  1  2  3  4  5  6  7  8 9  10  14  b  1  2  3  4  5  6  7  8
1
1.0  a  1  2  3  4  5  6  7  8 9  10  15  b  1  2  3  4  5  6  7  8
1
1.0  a  1  2  3  4  5  6  7  8 9  10  16  b  1  2  3  4  5  6  7  8
1
1.0  a  1  2  3  4  5  6  7  8 9  10  17  b  1  2  3  4  5  6  7  8
1
1.0  a  1  2  3  4  5  6  7  8 9  10  18  b  1  2  3  4  5  6  7  8
1
1.0  a  1  2  3  4  5  6  7  8 9  10  19  b  1  2  3  4  5  6  7  8
1
1.0  a  1  2  3  4  5  6  7  8 9  10  20  b  1  2  3  4  5  6  7  8
1
1.0  a  1  2  3  4  5  6  7  8 9  10  21  b  1  2  3  4  5  6  7  8
1
1.0  a  1  2  3  4  5  6  7  8 9  10  22  b  1  2  3  4  5  6  7  8
1
1.0  a  1  2  3  4  5  6  7  8 9  10  23  b  1  2  3  4  5  6  7  8
1
1.0  a  1  2  3  4  5  6  7  8 9  10  24  b  1  2  3  4  5  6  7  8
1
1.0  a  1  2  3  4  5  6  7  8 9  10  25  b  1  2  3  4  5  6  7  8
1
1.0  a  1  2  3  4  5  6  7  8 9  10  26  b  1  2  3  4  5  6  7  8
1
1.0  a  1  2  3  4  5  6  7  8 9  10  27  b  1  2  3  4  5  6  7  8
1
1.0  a  1  2  3  4  5  6  7  8 9  10  28  b  1  2  3  4  5  6  7  8
1
1.0  a  1  2  3  4  5  6  7  8 9  10  29  b  1  2  3  4  5  6  7  8
1
1.0  a  1  2  3  4  5  6  7  8 9  10  30  b  1  2  3  4  5  6  7  8
1
1.0  a  1  2  3  4  5  6  7  8 9  10  31  b  1  2  3  4  5  6  7  8
1
1.0  a  1  2  3  4  5  6  7  8 9  10  32  b  1  2  3  4  5  6  7  8
1
1.0  a  1  2  3  4  5  6  7  8 9  10  33  b  1  2  3  4  5  6  7  8
1
1.0  a  1  2  3  4  5  6  7  8 9  10  34  b  1  2  3  4  5  6  7  8
1
1.0  a  1  2  3  4  5  6  7  8 9  10  35  b  1  2  3  4  5  6  7  8
1
1.0  a  1  2  3  4  5  6  7  8 9  10  36  b  1  2  3  4  5  6  7  8
1
1.0  a  1  2  3  4  5  6  7  8 9  10  37  b  1  2  3  4  5  6  7  8
1
1.0  a  1  2  3  4  5  6  7  8 9  10  38  b  1  2  3  4  5  6  7  8
1
1.0  a  1  2  3  4  5  6  7  9 8  10  11  b  1  2  3  4  5  6  7  9
1
1.0  a  1  2  3  4  5  6  7  9 8  10  12  b  1  2  3  4  5  6  7  9
1
1.0  a  1  2  3  4  5  6  7  9 8  10  13  b  1  2  3  4  5  6  7  9
1
1.0  a  1  2  3  4  5  6  7  9 8  10  14  b  1  2  3  4  5  6  7  9
1
1.0  a  1  2  3  4  5  6  7  9 8  10  15  b  1  2  3  4  5  6  7  9
1
1.0  a  1  2  3  4  5  6  7  9 8  10  16  b  1  2  3  4  5  6  7  9
1
1.0  a  1  2  3  4  5  6  7  9 8  10  17  b  1  2  3  4  5  6  7  9
1
1.0  a  1  2  3  4  5  6  7  9 8  10  18  b  1  2  3  4  5  6  7  9
1
1.0  a  1  2  3  4  5  6  7  9 8  10  19  b  1  2  3  4  5  6  7  9
1
1.0  a  1  2  3  4  5  6  7  9 8  10  20  b  1  2  3  4  5  6  7  9
1
1.0  a  1  2  3  4  5  6  7  9 8  10  21  b  1  2  3  4  5  6  7  9
1
1.0  a  1  2  3  4  5  6  7  9 8  10  22  b  1  2  3  4  5  6  7  9
1
1.0  a  1  2  3  4  5  6  7  9 8  10  23  b  1  2  3  4  5  6  7  9
1
1.0  a  1  2  3  4  5  6  7  9 8  10  24  b  1  2  3  4  5  6  7  9
1
1.0  a  1  2  3  4  5  6  7  9 8  10  25  b  1  2  3  4  5  6  7  9
1
1.0  a  1  2  3  4  5  6  7  9 8  10  26  b  1  2  3  4  5  6  7  9
1
1.0  a  1  2  3  4  5  6  7  9 8  10  27  b  1  2  3  4  5  6  7  9
1
1.0  a  1  2  3  4  5  6  7  9 8  10  28  b  1  2  3  4  5  6  7  9
1
1.0  a  1  2  3  4  5  6  7  9 8  10  29  b  1  2  3  4  5  6  7  9
1
1.0  a  1  2  3  4  5  6  7  9 8  10  30  b  1  2  3  4  5  6  7  9
1
1.0  a  1  2  3  4  5  6  7  9 8  10  31  b  1  2  3  4  5  6  7  9
1
1.0  a  1  2  3  4  5  6  7  9 8  10  32  b  1  2  3  4  5  6  7  9
1
1.0  a  1  2  3  4  5  6  7  9 8  10  33  b  1  2  3  4  5  6  7  9
1
1.0  a  1  2  3  4  5  6  7  9 8  10  34  b  1  2  3  4  5  6  7  9
1
1.0  a  1  2  3  4  5  6  7  9 8  10  35  b  1  2  3  4  5  6  7  9
1
1.0  a  1  2  3  4  5  6  7  9 8  10  36  b  1  2  3  4  5  6  7  9
1
1.0  a  1  2  3  4  5  6  7  9 8  10  37  b  1  2  3  4  5  6  7  9
1
1.0  a  1  2  3  4  5  6  7  9 8  10  38  b  1  2  3  4  5  6  7  9
1
1.0  a  1  2  3  4  5  6  7  10 8  9  11  b  1  2  3  4  5  6  7  10
1
1.0  a  1  2  3  4  5  6  7  10 8  9  12  b  1  2  3  4  5  6  7  10
1
1.0  a  1  2  3  4  5  6  7  10 8  9  13  b  1  2  3  4  5  6  7  10
1
1.0  a  1  2  3  4  5  6  7  10 8  9  14  b  1  2  3  4  5  6  7  10
1
1.0  a  1  2  3  4  5  6  7  10 8  9  15  b  1  2  3  4  5  6  7  10
1
1.0  a  1  2  3  4  5  6  7  10 8  9  16  b  1  2  3  4  5  6  7  10
1
1.0  a  1  2  3  4  5  6  7  10 8  9  17  b  1  2  3  4  5  6  7  10
1
1.0  a  1  2  3  4  5  6  7  10 8  9  18  b  1  2  3  4  5  6  7  10
1
1.0  a  1  2  3  4  5  6  7  10 8  9  19  b  1  2  3  4  5  6  7  10
1
1.0  a  1  2  3  4  5  6  7  10 8  9  20  b  1  2  3  4  5  6  7  10
1
1.0  a  1  2  3  4  5  6  7  10 8  9  21  b  1  2  3  4  5  6  7  10
1
1.0  a  1  2  3  4  5  6  7  10 8  9  22  b  1  2  3  4  5  6  7  10
1
1.0  a  1  2  3  4  5  6  7  10 8  9  23  b  1  2  3  4  5  6  7  10
1
1.0  a  1  2  3  4  5  6  7  10 8  9  24  b  1  2  3  4  5  6  7  10
1
1.0  a  1  2  3  4  5  6  7  10 8  9  25  b  1  2  3  4  5  6  7  10
1
1.0  a  1  2  3  4  5  6  7  10 8  9  26  b  1  2  3  4  5  6  7  10
1
1.0  a  1  2  3  4  5  6  7  10 8  9  27  b  1  2  3  4  5  6  7  10
1
1.0  a  1  2  3  4  5  6  7  10 8  9  28  b  1  2  3  4  5  6  7  10
1
1.0  a  1  2  3  4  5  6  7  10 8  9  29  b  1  2  3  4  5  6  7  10
1
1.0  a  1  2  3  4  5  6  7  10 8  9  30  b  1  2  3  4  5  6  7  10
1
1.0  a  1  2  3  4  5  6  7  10 8  9  31  b  1  2  3  4  5  6  7  10
1
1.0  a  1  2  3  4  5  6  7  10 8  9  32  b  1  2  3  4  5  6  7  10
1
1.0  a  1  2  3  4  5  6  7  10 8  9  33  b  1  2  3  4  5  6  7  10
1
1.0  a  1  2  3  4  5  6  7  10 8  9  34  b  1  2  3  4  5  6  7  10
1
1.0  a  1  2  3  4  5  6  7  10 8  9  35  b  1  2  3  4  5  6  7  10
1
1.0  a  1  2  3  4  5  6  7  10 8  9  36  b  1  2  3  4  5  6  7  10
1
1.0  a  1  2  3  4  5  6  7  10 8  9  37  b  1  2  3  4  5  6  7  10
1
1.0  a  1  2  3  4  5  6  7  10 8  9  38  b  1  2  3  4  5  6  7  10
1
1.0  a  1  2  3  4  5  6  8  9 7  10  11  b  1  2  3  4  5  6  8  9
1
1.0  a  1  2  3  4  5  6  8  9 7  10  12  b  1  2  3  4  5  6  8  9
1
1.0  a  1  2  3  4  5  6  8  9 7  10  13  b  1  2  3  4  5  6  8  9
1
1.0  a  1  2  3  4  5  6  8  9 7  10  14  b  1  2  3  4  5  6  8  9
1
1.0  a  1  2  3  4  5  6  8  9 7  10  15  b  1  2  3  4  5  6  8  9
1
1.0  a  1  2  3  4  5  6  8  9 7  10  16  b  1  2  3  4  5  6  8  9
1
1.0  a  1  2  3  4  5  6  8  9 7  10  17  b  1  2  3  4  5  6  8  9
1
1.0  a  1  2  3  4  5  6  8  9 7  10  18  b  1  2  3  4  5  6  8  9
1
1.0  a  1  2  3  4  5  6  8  9 7  10  19  b  1  2  3  4  5  6  8  9
1
1.0  a  1  2  3  4  5  6  8  9 7  10  20  b  1  2  3  4  5  6  8  9
1
1.0  a  1  2  3  4  5  6  8  9 7  10  21  b  1  2  3  4  5  6  8  9
1
1.0  a  1  2  3  4  5  6  8  9 7  10  22  b  1  2  3  4  5  6  8  9
1
1.0  a  1  2  3  4  5  6  8  9 7  10  23  b  1  2  3  4  5  6  8  9
1
1.0  a  1  2  3  4  5  6  8  9 7  10  24  b  1  2  3  4  5  6  8  9
1
1.0  a  1  2  3  4  5  6  8  9 7  10  25  b  1  2  3  4  5  6  8  9
1
1.0  a  1  2  3  4  5  6  8  9 7  10  26  b  1  2  3  4  5  6  8  9
1
1.0  a  1  2  3  4  5  6  8  9 7  10  27  b  1  2  3  4  5  6  8  9
1
1.0  a  1  2  3  4  5  6  8  9 7  10  28  b  1  2  3  4  5  6  8  9
1
1.0  a  1  2  3  4  5  6  8  9 7  10  29  b  1  2  3  4  5  6  8  9
1
1.0  a  1  2  3  4  5  6  8  9 7  10  30  b  1  2  3  4  5  6  8  9
1
1.0  a  1  2  3  4  5  6  8  9 7  10  31  b  1  2  3  4  5  6  8  9
1
1.0  a  1  2  3  4  5  6  8  9 7  10  32  b  1  2  3  4  5  6  8  9
1
1.0  a  1  2  3  4  5  6  8  9 7  10  33  b  1  2  3  4  5  6  8  9
1
1.0  a  1  2  3  4  5  6  8  9 7  10  34  b  1  2  3  4  5  6  8  9
1
1.0  a  1  2  3  4  5  6  8  9 7  10  35  b  1  2  3  4  5  6  8  9
1
1.0  a  1  2  3  4  5  6  8  9 7  10  36  b  1  2  3  4  5  6  8  9
1
1.0  a  1  2  3  4  5  6  8  9 7  10  37  b  1  2  3  4  5  6  8  9
1
1.0  a  1  2  3  4  5  6  8  9 7  10  38  b  1  2  3  4  5  6  8  9
1
1.0  a  1  2  3  4  5  6  8  10 7  9  11  b  1  2  3  4  5  6  8  10
1
1.0  a  1  2  3  4  5  6  8  10 7  9  12  b  1  2  3  4  5  6  8  10
1
1.0  a  1  2  3  4  5  6  8  10 7  9  13  b  1  2  3  4  5  6  8  10
1
1.0  a  1  2  3  4  5  6  8  10 7  9  14  b  1  2  3  4  5  6  8  10
1
1.0  a  1  2  3  4  5  6  8  10 7  9  15  b  1  2  3  4  5  6  8  10
1
1.0  a  1  2  3  4  5  6  8  10 7  9  16  b  1  2  3  4  5  6  8  10
1
1.0  a  1  2  3  4  5  6  8  10 7  9  17  b  1  2  3  4  5  6  8  10
1
1.0  a  1  2  3  4  5  6  8  10 7  9  18  b  1  2  3  4  5  6  8  10
1
1.0  a  1  2  3  4  5  6  8  10 7  9  19  b  1  2  3  4  5  6  8  10
1
1.0  a  1  2  3  4  5  6  8  10 7  9  20  b  1  2  3  4  5  6  8  10
1
1.0  a  1  2  3  4  5  6  8  10 7  9  21  b  1  2  3  4  5  6  8  10
1
1.0  a  1  2  3  4  5  6  8  10 7  9  22  b  1  2  3  4  5  6  8  10
1
1.0  a  1  2  3  4  5  6  8  10 7  9  23  b  1  2  3  4  5  6  8  10
1
1.0  a  1  2  3  4  5  6  8  10 7  9  24  b  1  2  3  4  5  6  8  10
1
1.0  a  1  2  3  4  5  6  8  10 7  9  25  b  1  2  3  4  5  6  8  10
1
1.0  a  1  2  3  4  5  6  8  10 7  9  26  b  1  2  3  4  5  6  8  10
1
1.0  a  1  2  3  4  5  6  8  10 7  9  27  b  1  2  3  4  5  6  8  10
1
1.0  a  1  2  3  4  5  6  8  10 7  9  28  b  1  2  3  4  5  6  8  10
1
1.0  a  1  2  3  4  5  6  8  10 7  9  29  b  1  2  3  4  5  6  8  10
1
1.0  a  1  2  3  4  5  6  8  10 7  9  30  b  1  2  3  4  5  6  8  10
1
1.0  a  1  2  3  4  5  6  8  10 7  9  31  b  1  2  3  4  5  6  8  10
1
1.0  a  1  2  3  4  5  6  8  10 7  9  32  b  1  2  3  4  5  6  8  10
1
1.0  a  1  2  3  4  5  6  8  10 7  9  33  b  1  2  3  4  5  6  8  10
1
1.0  a  1  2  3  4  5  6  8  10 7  9  34  b  1  2  3  4  5  6  8  10
1
1.0  a  1  2  3  4  5  6  8  10 7  9  35  b  1  2  3  4  5  6  8  10
1
1.0  a  1  2  3  4  5  6  8  10 7  9  36  b  1  2  3  4  5  6  8  10
1
1.0  a  1  2  3  4  5  6  8  10 7  9  37  b  1  2  3  4  5  6  8  10
1
1.0  a  1  2  3  4  5  6  8  10 7  9  38  b  1  2  3  4  5  6  8  10
1
1.0  a  1  2  3  4  5  6  9  10 7  8  11  b  1  2  3  4  5  6  9  10
1
1.0  a  1  2  3  4  5  6  9  10 7  8  12  b  1  2  3  4  5  6  9  10
1
1.0  a  1  2  3  4  5  6  9  10 7  8  13  b  1  2  3  4  5  6  9  10
1
1.0  a  1  2  3  4  5  6  9  10 7  8  14  b  1  2  3  4  5  6  9  10
1
1.0  a  1  2  3  4  5  6  9  10 7  8  15  b  1  2  3  4  5  6  9  10
1
1.0  a  1  2  3  4  5  6  9  10 7  8  16  b  1  2  3  4  5  6  9  10
1
1.0  a  1  2  3  4  5  6  9  10 7  8  17  b  1  2  3  4  5  6  9  10
1
1.0  a  1  2  3  4  5  6  9  10 7  8  18  b  1  2  3  4  5  6  9  10
1
1.0  a  1  2  3  4  5  6  9  10 7  8  19  b  1  2  3  4  5  6  9  10
1
1.0  a  1  2  3  4  5  6  9  10 7  8  20  b  1  2  3  4  5  6  9  10
1
1.0  a  1  2  3  4  5  6  9  10 7  8  21  b  1  2  3  4  5  6  9  10
1
1.0  a  1  2  3  4  5  6  9  10 7  8  22  b  1  2  3  4  5  6  9  10
1
1.0  a  1  2  3  4  5  6  9  10 7  8  23  b  1  2  3  4  5  6  9  10
1
1.0  a  1  2  3  4  5  6  9  10 7  8  24  b  1  2  3  4  5  6  9  10
1
1.0  a  1  2  3  4  5  6  9  10 7  8  25  b  1  2  3  4  5  6  9  10
1
1.0  a  1  2  3  4  5  6  9  10 7  8  26  b  1  2  3  4  5  6  9  10
1
1.0  a  1  2  3  4  5  6  9  10 7  8  27  b  1  2  3  4  5  6  9  10
1
1.0  a  1  2  3  4  5  6  9  10 7  8  28  b  1  2  3  4  5  6  9  10
1
1.0  a  1  2  3  4  5  6  9  10 7  8  29  b  1  2  3  4  5  6  9  10
1
1.0  a  1  2  3  4  5  6  9  10 7  8  30  b  1  2  3  4  5  6  9  10
1
1.0  a  1  2  3  4  5  6  9  10 7  8  31  b  1  2  3  4  5  6  9  10
1
1.0  a  1  2  3  4  5  6  9  10 7  8  32  b  1  2  3  4  5  6  9  10
1
1.0  a  1  2  3  4  5  6  9  10 7  8  33  b  1  2  3  4  5  6  9  10
1
1.0  a  1  2  3  4  5  6  9  10 7  8  34  b  1  2  3  4  5  6  9  10
1
1.0  a  1  2  3  4  5  6  9  10 7  8  35  b  1  2  3  4  5  6  9  10
1
1.0  a  1  2  3  4  5  6  9  10 7  8  36  b  1  2  3  4  5  6  9  10
1
1.0  a  1  2  3  4  5  6  9  10 7  8  37  b  1  2  3  4  5  6  9  10
1
1.0  a  1  2  3  4  5  6  9  10 7  8  38  b  1  2  3  4  5  6  9  10
1
1.0  a  1  2  3  4  5  7  8  9 6  10  11  b  1  2  3  4  5  7  8  9
1
1.0  a  1  2  3  4  5  7  8  9 6  10  12  b  1  2  3  4  5  7  8  9
1
1.0  a  1  2  3  4  5  7  8  9 6  10  13  b  1  2  3  4  5  7  8  9
1
1.0  a  1  2  3  4  5  7  8  9 6  10  14  b  1  2  3  4  5  7  8  9
1
1.0  a  1  2  3  4  5  7  8  9 6  10  15  b  1  2  3  4  5  7  8  9
1
1.0  a  1  2  3  4  5  7  8  9 6  10  16  b  1  2  3  4  5  7  8  9
1
1.0  a  1  2  3  4  5  7  8  9 6  10  17  b  1  2  3  4  5  7  8  9
1
1.0  a  1  2  3  4  5  7  8  9 6  10  18  b  1  2  3  4  5  7  8  9
1
1.0  a  1  2  3  4  5  7  8  9 6  10  19  b  1  2  3  4  5  7  8  9
1
1.0  a  1  2  3  4  5  7  8  9 6  10  20  b  1  2  3  4  5  7  8  9
1
1.0  a  1  2  3  4  5  7  8  9 6  10  21  b  1  2  3  4  5  7  8  9
1
1.0  a  1  2  3  4  5  7  8  9 6  10  22  b  1  2  3  4  5  7  8  9
1
1.0  a  1  2  3  4  5  7  8  9 6  10  23  b  1  2  3  4  5  7  8  9
1
1.0  a  1  2  3  4  5  7  8  9 6  10  24  b  1  2  3  4  5  7  8  9
1
1.0  a  1  2  3  4  5  7  8  9 6  10  25  b  1  2  3  4  5  7  8  9
1
1.0  a  1  2  3  4  5  7  8  9 6  10  26  b  1  2  3  4  5  7  8  9
1
1.0  a  1  2  3  4  5  7  8  9 6  10  27  b  1  2  3  4  5  7  8  9
1
1.0  a  1  2  3  4  5  7  8  9 6  10  28  b  1  2  3  4  5  7  8  9
1
1.0  a  1  2  3  4  5  7  8  9 6  10  29  b  1  2  3  4  5  7  8  9
1
1.0  a  1  2  3  4  5  7  8  9 6  10  30  b  1  2  3  4  5  7  8  9
1
1.0  a  1  2  3  4  5  7  8  9 6  10  31  b  1  2  3  4  5  7  8  9
1
1.0  a  1  2  3  4  5  7  8  9 6  10  32  b  1  2  3  4  5  7  8  9
1
1.0  a  1  2  3  4  5  7  8  9 6  10  33  b  1  2  3  4  5  7  8  9
1
1.0  a  1  2  3  4  5  7  8  9 6  10  34  b  1  2  3  4  5  7  8  9
1
1.0  a  1  2  3  4  5  7  8  9 6  10  35  b  1  2  3  4  5  7  8  9
1
1.0  a  1  2  3  4  5  7  8  9 6  10  36  b  1  2  3  4  5  7  8  9
1
1.0  a  1  2  3  4  5  7  8  9 6  10  37  b  1  2  3  4  5  7  8  9
1
1.0  a  1  2  3  4  5  7  8  9 6  10  38  b  1  2  3  4  5  7  8  9
1
1.0  a  1  2  3  4  5  7  8  10 6  9  11  b  1  2  3  4  5  7  8  10
1
1.0  a  1  2  3  4  5  7  8  10 6  9  12  b  1  2  3  4  5  7  8  10
1
1.0  a  1  2  3  4  5  7  8  10 6  9  13  b  1  2  3  4  5  7  8  10
1
1.0  a  1  2  3  4  5  7  8  10 6  9  14  b  1  2  3  4  5  7  8  10
1
1.0  a  1  2  3  4  5  7  8  10 6  9  15  b  1  2  3  4  5  7  8  10
1
1.0  a  1  2  3  4  5  7  8  10 6  9  16  b  1  2  3  4  5  7  8  10
1
1.0  a  1  2  3  4  5  7  8  10 6  9  17  b  1  2  3  4  5  7  8  10
1
1.0  a  1  2  3  4  5  7  8  10 6  9  18  b  1  2  3  4  5  7  8  10
1
1.0  a  1  2  3  4  5  7  8  10 6  9  19  b  1  2  3  4  5  7  8  10
1
1.0  a  1  2  3  4  5  7  8  10 6  9  20  b  1  2  3  4  5  7  8  10
1
1.0  a  1  2  3  4  5  7  8  10 6  9  21  b  1  2  3  4  5  7  8  10
1
1.0  a  1  2  3  4  5  7  8  10 6  9  22  b  1  2  3  4  5  7  8  10
1
1.0  a  1  2  3  4  5  7  8  10 6  9  23  b  1  2  3  4  5  7  8  10
1
1.0  a  1  2  3  4  5  7  8  10 6  9  24  b  1  2  3  4  5  7  8  10
1
1.0  a  1  2  3  4  5  7  8  10 6  9  25  b  1  2  3  4  5  7  8  10
1
1.0  a  1  2  3  4  5  7  8  10 6  9  26  b  1  2  3  4  5  7  8  10
1
1.0  a  1  2  3  4  5  7  8  10 6  9  27  b  1  2  3  4  5  7  8  10
1
1.0  a  1  2  3  4  5  7  8  10 6  9  28  b  1  2  3  4  5  7  8  10
1
1.0  a  1  2  3  4  5  7  8  10 6  9  29  b  1  2  3  4  5  7  8  10
1
1.0  a  1  2  3  4  5  7  8  10 6  9  30  b  1  2  3  4  5  7  8  10
1
1.0  a  1  2  3  4  5  7  8  10 6  9  31  b  1  2  3  4  5  7  8  10
1
1.0  a  1  2  3  4  5  7  8  10 6  9  32  b  1  2  3  4  5  7  8  10
1
1.0  a  1  2  3  4  5  7  8  10 6  9  33  b  1  2  3  4  5  7  8  10
1
1.0  a  1  2  3  4  5  7  8  10 6  9  34  b  1  2  3  4  5  7  8  10
1
1.0  a  1  2  3  4  5  7  8  10 6  9  35  b  1  2  3  4  5  7  8  10
1
1.0  a  1  2  3  4  5  7  8  10 6  9  36  b  1  2  3  4  5  7  8  10
1
1.0  a  1  2  3  4  5  7  8  10 6  9  37  b  1  2  3  4  5  7  8  10
1
1.0  a  1  2  3  4  5  7  8  10 6  9  38  b  1  2  3  4  5  7  8  10
1
1.0  a  1  2  3  4  5  7  9  10 6  8  11  b  1  2  3  4  5  7  9  10
1
1.0  a  1  2  3  4  5  7  9  10 6  8  12  b  1  2  3  4  5  7  9  10
1
1.0  a  1  2  3  4  5  7  9  10 6  8  13  b  1  2  3  4  5  7  9  10
1
1.0  a  1  2  3  4  5  7  9  10 6  8  14  b  1  2  3  4  5  7  9  10
1
1.0  a  1  2  3  4  5  7  9  10 6  8  15  b  1  2  3  4  5  7  9  10
1
1.0  a  1  2  3  4  5  7  9  10 6  8  16  b  1  2  3  4  5  7  9  10
1
1.0  a  1  2  3  4  5  7  9  10 6  8  17  b  1  2  3  4  5  7  9  10
1
1.0  a  1  2  3  4  5  7  9  10 6  8  18  b  1  2  3  4  5  7  9  10
1
1.0  a  1  2  3  4  5  7  9  10 6  8  19  b  1  2  3  4  5  7  9  10
1
1.0  a  1  2  3  4  5  7  9  10 6  8  20  b  1  2  3  4  5  7  9  10
1
1.0  a  1  2  3  4  5  7  9  10 6  8  21  b  1  2  3  4  5  7  9  10
1
1.0  a  1  2  3  4  5  7  9  10 6  8  22  b  1  2  3  4  5  7  9  10
1
1.0  a  1  2  3  4  5  7  9  10 6  8  23  b  1  2  3  4  5  7  9  10
1
1.0  a  1  2  3  4  5  7  9  10 6  8  24  b  1  2  3  4  5  7  9  10
1
1.0  a  1  2  3  4  5  7  9  10 6  8  25  b  1  2  3  4  5  7  9  10
1
1.0  a  1  2  3  4  5  7  9  10 6  8  26  b  1  2  3  4  5  7  9  10
1
1.0  a  1  2  3  4  5  7  9  10 6  8  27  b  1  2  3  4  5  7  9  10
1
1.0  a  1  2  3  4  5  7  9  10 6  8  28  b  1  2  3  4  5  7  9  10
1
1.0  a  1  2  3  4  5  7  9  10 6  8  29  b  1  2  3  4  5  7  9  10
1
1.0  a  1  2  3  4  5  7  9  10 6  8  30  b  1  2  3  4  5  7  9  10
1
1.0  a  1  2  3  4  5  7  9  10 6  8  31  b  1  2  3  4  5  7  9  10
1
1.0  a  1  2  3  4  5  7  9  10 6  8  32  b  1  2  3  4  5  7  9  10
1
1.0  a  1  2  3  4  5  7  9  10 6  8  33  b  1  2  3  4  5  7  9  10
1
1.0  a  1  2  3  4  5  7  9  10 6  8  34  b  1  2  3  4  5  7  9  10
1
1.0  a  1  2  3  4  5  7  9  10 6  8  35  b  1  2  3  4  5  7  9  10
1
1.0  a  1  2  3  4  5  7  9  10 6  8  36  b  1  2  3  4  5  7  9  10
1
1.0  a  1  2  3  4  5  7  9  10 6  8  37  b  1  2  3  4  5  7  9  10
1
1.0  a  1  2  3  4  5  7  9  10 6  8  38  b  1  2  3  4  5  7  9  10
1
1.0  a  1  2  3  4  5  8  9  10 6  7  11  b  1  2  3  4  5  8  9  10
1
1.0  a  1  2  3  4  5  8  9  10 6  7  12  b  1  2  3  4  5  8  9  10
1
1.0  a  1  2  3  4  5  8  9  10 6  7  13  b  1  2  3  4  5  8  9  10
1
1.0  a  1  2  3  4  5  8  9  10 6  7  14  b  1  2  3  4  5  8  9  10
1
1.0  a  1  2  3  4  5  8  9  10 6  7  15  b  1  2  3  4  5  8  9  10
1
1.0  a  1  2  3  4  5  8  9  10 6  7  16  b  1  2  3  4  5  8  9  10
1
1.0  a  1  2  3  4  5  8  9  10 6  7  17  b  1  2  3  4  5  8  9  10
1
1.0  a  1  2  3  4  5  8  9  10 6  7  18  b  1  2  3  4  5  8  9  10
1
1.0  a  1  2  3  4  5  8  9  10 6  7  19  b  1  2  3  4  5  8  9  10
1
1.0  a  1  2  3  4  5  8  9  10 6  7  20  b  1  2  3  4  5  8  9  10
1
1.0  a  1  2  3  4  5  8  9  10 6  7  21  b  1  2  3  4  5  8  9  10
1
1.0  a  1  2  3  4  5  8  9  10 6  7  22  b  1  2  3  4  5  8  9  10
1
1.0  a  1  2  3  4  5  8  9  10 6  7  23  b  1  2  3  4  5  8  9  10
1
1.0  a  1  2  3  4  5  8  9  10 6  7  24  b  1  2  3  4  5  8  9  10
1
1.0  a  1  2  3  4  5  8  9  10 6  7  25  b  1  2  3  4  5  8  9  10
1
1.0  a  1  2  3  4  5  8  9  10 6  7  26  b  1  2  3  4  5  8  9  10
1
1.0  a  1  2  3  4  5  8  9  10 6  7  27  b  1  2  3  4  5  8  9  10
1
1.0  a  1  2  3  4  5  8  9  10 6  7  28  b  1  2  3  4  5  8  9  10
1
1.0  a  1  2  3  4  5  8  9  10 6  7  29  b  1  2  3  4  5  8  9  10
1
1.0  a  1  2  3  4  5  8  9  10 6  7  30  b  1  2  3  4  5  8  9  10
1
1.0  a  1  2  3  4  5  8  9  10 6  7  31  b  1  2  3  4  5  8  9  10
1
1.0  a  1  2  3  4  5  8  9  10 6  7  32  b  1  2  3  4  5  8  9  10
1
1.0  a  1  2  3  4  5  8  9  10 6  7  33  b  1  2  3  4  5  8  9  10
1
1.0  a  1  2  3  4  5  8  9  10 6  7  34  b  1  2  3  4  5  8  9  10
1
1.0  a  1  2  3  4  5  8  9  10 6  7  35  b  1  2  3  4  5  8  9  10
1
1.0  a  1  2  3  4  5  8  9  10 6  7  36  b  1  2  3  4  5  8  9  10
1
1.0  a  1  2  3  4  5  8  9  10 6  7  37  b  1  2  3  4  5  8  9  10
1
1.0  a  1  2  3  4  5  8  9  10 6  7  38  b  1  2  3  4  5  8  9  10
1
1.0  a  1  2  3  4  6  7  8  9 5  10  11  b  1  2  3  4  6  7  8  9
1
1.0  a  1  2  3  4  6  7  8  9 5  10  12  b  1  2  3  4  6  7  8  9
1
1.0  a  1  2  3  4  6  7  8  9 5  10  13  b  1  2  3  4  6  7  8  9
1
1.0  a  1  2  3  4  6  7  8  9 5  10  14  b  1  2  3  4  6  7  8  9
1
1.0  a  1  2  3  4  6  7  8  9 5  10  15  b  1  2  3  4  6  7  8  9
1
1.0  a  1  2  3  4  6  7  8  9 5  10  16  b  1  2  3  4  6  7  8  9
1
1.0  a  1  2  3  4  6  7  8  9 5  10  17  b  1  2  3  4  6  7  8  9
1
1.0  a  1  2  3  4  6  7  8  9 5  10  18  b  1  2  3  4  6  7  8  9
1
1.0  a  1  2  3  4  6  7  8  9 5  10  19  b  1  2  3  4  6  7  8  9
1
1.0  a  1  2  3  4  6  7  8  9 5  10  20  b  1  2  3  4  6  7  8  9
1
1.0  a  1  2  3  4  6  7  8  9 5  10  21  b  1  2  3  4  6  7  8  9
1
1.0  a  1  2  3  4  6  7  8  9 5  10  22  b  1  2  3  4  6  7  8  9
1
1.0  a  1  2  3  4  6  7  8  9 5  10  23  b  1  2  3  4  6  7  8  9
1
1.0  a  1  2  3  4  6  7  8  9 5  10  24  b  1  2  3  4  6  7  8  9
1
1.0  a  1  2  3  4  6  7  8  9 5  10  25  b  1  2  3  4  6  7  8  9
1
1.0  a  1  2  3  4  6  7  8  9 5  10  26  b  1  2  3  4  6  7  8  9
1
1.0  a  1  2  3  4  6  7  8  9 5  10  27  b  1  2  3  4  6  7  8  9
1
1.0  a  1  2  3  4  6  7  8  9 5  10  28  b  1  2  3  4  6  7  8  9
1
1.0  a  1  2  3  4  6  7  8  9 5  10  29  b  1  2  3  4  6  7  8  9
1
1.0  a  1  2  3  4  6  7  8  9 5  10  30  b  1  2  3  4  6  7  8  9
1
1.0  a  1  2  3  4  6  7  8  9 5  10  31  b  1  2  3  4  6  7  8  9
1
1.0  a  1  2  3  4  6  7  8  9 5  10  32  b  1  2  3  4  6  7  8  9
1
1.0  a  1  2  3  4  6  7  8  9 5  10  33  b  1  2  3  4  6  7  8  9
1
1.0  a  1  2  3  4  6  7  8  9 5  10  34  b  1  2  3  4  6  7  8  9
1
1.0  a  1  2  3  4  6  7  8  9 5  10  35  b  1  2  3  4  6  7  8  9
1
1.0  a  1  2  3  4  6  7  8  9 5  10  36  b  1  2  3  4  6  7  8  9
1
1.0  a  1  2  3  4  6  7  8  9 5  10  37  b  1  2  3  4  6  7  8  9
1
1.0  a  1  2  3  4  6  7  8  9 5  10  38  b  1  2  3  4  6  7  8  9
1
1.0  a  1  2  3  4  6  7  8  10 5  9  11  b  1  2  3  4  6  7  8  10
1
1.0  a  1  2  3  4  6  7  8  10 5  9  12  b  1  2  3  4  6  7  8  10
1
1.0  a  1  2  3  4  6  7  8  10 5  9  13  b  1  2  3  4  6  7  8  10
1
1.0  a  1  2  3  4  6  7  8  10 5  9  14  b  1  2  3  4  6  7  8  10
1
1.0  a  1  2  3  4  6  7  8  10 5  9  15  b  1  2  3  4  6  7  8  10
1
1.0  a  1  2  3  4  6  7  8  10 5  9  16  b  1  2  3  4  6  7  8  10
1
1.0  a  1  2  3  4  6  7  8  10 5  9  17  b  1  2  3  4  6  7  8  10
1
1.0  a  1  2  3  4  6  7  8  10 5  9  18  b  1  2  3  4  6  7  8  10
1
1.0  a  1  2  3  4  6  7  8  10 5  9  19  b  1  2  3  4  6  7  8  10
1
1.0  a  1  2  3  4  6  7  8  10 5  9  20  b  1  2  3  4  6  7  8  10
1
1.0  a  1  2  3  4  6  7  8  10 5  9  21  b  1  2  3  4  6  7  8  10
1
1.0  a  1  2  3  4  6  7  8  10 5  9  22  b  1  2  3  4  6  7  8  10
1
1.0  a  1  2  3  4  6  7  8  10 5  9  23  b  1  2  3  4  6  7  8  10
1
1.0  a  1  2  3  4  6  7  8  10 5  9  24  b  1  2  3  4  6  7  8  10
1
1.0  a  1  2  3  4  6  7  8  10 5  9  25  b  1  2  3  4  6  7  8  10
1
1.0  a  1  2  3  4  6  7  8  10 5  9  26  b  1  2  3  4  6  7  8  10
1
1.0  a  1  2  3  4  6  7  8  10 5  9  27  b  1  2  3  4  6  7  8  10
1
1.0  a  1  2  3  4  6  7  8  10 5  9  28  b  1  2  3  4  6  7  8  10
1
1.0  a  1  2  3  4  6  7  8  10 5  9  29  b  1  2  3  4  6  7  8  10
1
1.0  a  1  2  3  4  6  7  8  10 5  9  30  b  1  2  3  4  6  7  8  10
1
1.0  a  1  2  3  4  6  7  8  10 5  9  31  b  1  2  3  4  6  7  8  10
1
1.0  a  1  2  3  4  6  7  8  10 5  9  32  b  1  2  3  4  6  7  8  10
1
1.0  a  1  2  3  4  6  7  8  10 5  9  33  b  1  2  3  4  6  7  8  10
1
1.0  a  1  2  3  4  6  7  8  10 5  9  34  b  1  2  3  4  6  7  8  10
1
1.0  a  1  2  3  4  6  7  8  10 5  9  35  b  1  2  3  4  6  7  8  10
1
1.0  a  1  2  3  4  6  7  8  10 5  9  36  b  1  2  3  4  6  7  8  10
1
1.0  a  1  2  3  4  6  7  8  10 5  9  37  b  1  2  3  4  6  7  8  10
1
1.0  a  1  2  3  4  6  7  8  10 5  9  38  b  1  2  3  4  6  7  8  10
1
1.0  a  1  2  3  4  6  7  9  10 5  8  11  b  1  2  3  4  6  7  9  10
1
1.0  a  1  2  3  4  6  7  9  10 5  8  12  b  1  2  3  4  6  7  9  10
1
1.0  a  1  2  3  4  6  7  9  10 5  8  13  b  1  2  3  4  6  7  9  10
1
1.0  a  1  2  3  4  6  7  9  10 5  8  14  b  1  2  3  4  6  7  9  10
1
1.0  a  1  2  3  4  6  7  9  10 5  8  15  b  1  2  3  4  6  7  9  10
1
1.0  a  1  2  3  4  6  7  9  10 5  8  16  b  1  2  3  4  6  7  9  10
1
1.0  a  1  2  3  4  6  7  9  10 5  8  17  b  1  2  3  4  6  7  9  10
1
1.0  a  1  2  3  4  6  7  9  10 5  8  18  b  1  2  3  4  6  7  9  10
1
1.0  a  1  2  3  4  6  7  9  10 5  8  19  b  1  2  3  4  6  7  9  10
1
1.0  a  1  2  3  4  6  7  9  10 5  8  20  b  1  2  3  4  6  7  9  10
1
1.0  a  1  2  3  4  6  7  9  10 5  8  21  b  1  2  3  4  6  7  9  10
1
1.0  a  1  2  3  4  6  7  9  10 5  8  22  b  1  2  3  4  6  7  9  10
1
1.0  a  1  2  3  4  6  7  9  10 5  8  23  b  1  2  3  4  6  7  9  10
1
1.0  a  1  2  3  4  6  7  9  10 5  8  24  b  1  2  3  4  6  7  9  10
1
1.0  a  1  2  3  4  6  7  9  10 5  8  25  b  1  2  3  4  6  7  9  10
1
1.0  a  1  2  3  4  6  7  9  10 5  8  26  b  1  2  3  4  6  7  9  10
1
1.0  a  1  2  3  4  6  7  9  10 5  8  27  b  1  2  3  4  6  7  9  10
1
1.0  a  1  2  3  4  6  7  9  10 5  8  28  b  1  2  3  4  6  7  9  10
1
1.0  a  1  2  3  4  6  7  9  10 5  8  29  b  1  2  3  4  6  7  9  10
1
1.0  a  1  2  3  4  6  7  9  10 5  8  30  b  1  2  3  4  6  7  9  10
1
1.0  a  1  2  3  4  6  7  9  10 5  8  31  b  1  2  3  4  6  7  9  10
1
1.0  a  1  2  3  4  6  7  9  10 5  8  32  b  1  2  3  4  6  7  9  10
1
1.0  a  1  2  3  4  6  7  9  10 5  8  33  b  1  2  3  4  6  7  9  10
1
1.0  a  1  2  3  4  6  7  9  10 5  8  34  b  1  2  3  4  6  7  9  10
1
1.0  a  1  2  3  4  6  7  9  10 5  8  35  b  1  2  3  4  6  7  9  10
1
1.0  a  1  2  3  4  6  7  9  10 5  8  36  b  1  2  3  4  6  7  9  10
1
1.0  a  1  2  3  4  6  7  9  10 5  8  37  b  1  2  3  4  6  7  9  10
1
1.0  a  1  2  3  4  6  7  9  10 5  8  38  b  1  2  3  4  6  7  9  10
1
1.0  a  1  2  3  4  6  8  9  10 5  7  11  b  1  2  3  4  6  8  9  10
1
1.0  a  1  2  3  4  6  8  9  10 5  7  12  b  1  2  3  4  6  8  9  10
1
1.0  a  1  2  3  4  6  8  9  10 5  7  13  b  1  2  3  4  6  8  9  10
1
1.0  a  1  2  3  4  6  8  9  10 5  7  14  b  1  2  3  4  6  8  9  10
1
1.0  a  1  2  3  4  6  8  9  10 5  7  15  b  1  2  3  4  6  8  9  10
1
1.0  a  1  2  3  4  6  8  9  10 5  7  16  b  1  2  3  4  6  8  9  10
1
1.0  a  1  2  3  4  6  8  9  10 5  7  17  b  1  2  3  4  6  8  9  10
1
1.0  a  1  2  3  4  6  8  9  10 5  7  18  b  1  2  3  4  6  8  9  10
1
1.0  a  1  2  3  4  6  8  9  10 5  7  19  b  1  2  3  4  6  8  9  10
1
1.0  a  1  2  3  4  6  8  9  10 5  7  20  b  1  2  3  4  6  8  9  10
1
1.0  a  1  2  3  4  6  8  9  10 5  7  21  b  1  2  3  4  6  8  9  10
1
1.0  a  1  2  3  4  6  8  9  10 5  7  22  b  1  2  3  4  6  8  9  10
1
1.0  a  1  2  3  4  6  8  9  10 5  7  23  b  1  2  3  4  6  8  9  10
1
1.0  a  1  2  3  4  6  8  9  10 5  7  24  b  1  2  3  4  6  8  9  10
1
1.0  a  1  2  3  4  6  8  9  10 5  7  25  b  1  2  3  4  6  8  9  10
1
1.0  a  1  2  3  4  6  8  9  10 5  7  26  b  1  2  3  4  6  8  9  10
1
1.0  a  1  2  3  4  6  8  9  10 5  7  27  b  1  2  3  4  6  8  9  10
1
1.0  a  1  2  3  4  6  8  9  10 5  7  28  b  1  2  3  4  6  8  9  10
1
1.0  a  1  2  3  4  6  8  9  10 5  7  29  b  1  2  3  4  6  8  9  10
1
1.0  a  1  2  3  4  6  8  9  10 5  7  30  b  1  2  3  4  6  8  9  10
1
1.0  a  1  2  3  4  6  8  9  10 5  7  31  b  1  2  3  4  6  8  9  10
1
1.0  a  1  2  3  4  6  8  9  10 5  7  32  b  1  2  3  4  6  8  9  10
1
1.0  a  1  2  3  4  6  8  9  10 5  7  33  b  1  2  3  4  6  8  9  10
1
1.0  a  1  2  3  4  6  8  9  10 5  7  34  b  1  2  3  4  6  8  9  10
1
1.0  a  1  2  3  4  6  8  9  10 5  7  35  b  1  2  3  4  6  8  9  10
1
1.0  a  1  2  3  4  6  8  9  10 5  7  36  b  1  2  3  4  6  8  9  10
1
1.0  a  1  2  3  4  6  8  9  10 5  7  37  b  1  2  3  4  6  8  9  10
1
1.0  a  1  2  3  4  6  8  9  10 5  7  38  b  1  2  3  4  6  8  9  10
1
1.0  a  1  2  3  4  7  8  9  10 5  6  11  b  1  2  3  4  7  8  9  10
1
1.0  a  1  2  3  4  7  8  9  10 5  6  12  b  1  2  3  4  7  8  9  10
1
1.0  a  1  2  3  4  7  8  9  10 5  6  13  b  1  2  3  4  7  8  9  10
1
1.0  a  1  2  3  4  7  8  9  10 5  6  14  b  1  2  3  4  7  8  9  10
1
1.0  a  1  2  3  4  7  8  9  10 5  6  15  b  1  2  3  4  7  8  9  10
1
1.0  a  1  2  3  4  7  8  9  10 5  6  16  b  1  2  3  4  7  8  9  10
1
1.0  a  1  2  3  4  7  8  9  10 5  6  17  b  1  2  3  4  7  8  9  10
1
1.0  a  1  2  3  4  7  8  9  10 5  6  18  b  1  2  3  4  7  8  9  10
1
1.0  a  1  2  3  4  7  8  9  10 5  6  19  b  1  2  3  4  7  8  9  10
1
1.0  a  1  2  3  4  7  8  9  10 5  6  20  b  1  2  3  4  7  8  9  10
1
1.0  a  1  2  3  4  7  8  9  10 5  6  21  b  1  2  3  4  7  8  9  10
1
1.0  a  1  2  3  4  7  8  9  10 5  6  22  b  1  2  3  4  7  8  9  10
1
1.0  a  1  2  3  4  7  8  9  10 5  6  23  b  1  2  3  4  7  8  9  10
1
1.0  a  1  2  3  4  7  8  9  10 5  6  24  b  1  2  3  4  7  8  9  10
1
1.0  a  1  2  3  4  7  8  9  10 5  6  25  b  1  2  3  4  7  8  9  10
1
1.0  a  1  2  3  4  7  8  9  10 5  6  26  b  1  2  3  4  7  8  9  10
1
1.0  a  1  2  3  4  7  8  9  10 5  6  27  b  1  2  3  4  7  8  9  10
1
1.0  a  1  2  3  4  7  8  9  10 5  6  28  b  1  2  3  4  7  8  9  10
1
1.0  a  1  2  3  4  7  8  9  10 5  6  29  b  1  2  3  4  7  8  9  10
1
1.0  a  1  2  3  4  7  8  9  10 5  6  30  b  1  2  3  4  7  8  9  10
1
1.0  a  1  2  3  4  7  8  9  10 5  6  31  b  1  2  3  4  7  8  9  10
1
1.0  a  1  2  3  4  7  8  9  10 5  6  32  b  1  2  3  4  7  8  9  10
1
1.0  a  1  2  3  4  7  8  9  10 5  6  33  b  1  2  3  4  7  8  9  10
1
1.0  a  1  2  3  4  7  8  9  10 5  6  34  b  1  2  3  4  7  8  9  10
1
1.0  a  1  2  3  4  7  8  9  10 5  6  35  b  1  2  3  4  7  8  9  10
1
1.0  a  1  2  3  4  7  8  9  10 5  6  36  b  1  2  3  4  7  8  9  10
1
1.0  a  1  2  3  4  7  8  9  10 5  6  37  b  1  2  3  4  7  8  9  10
1
1.0  a  1  2  3  4  7  8  9  10 5  6  38  b  1  2  3  4  7  8  9  10
