28 0.000000000000001
 ci_nexne_decay4 
10 10
28
2
0.70710678118654746  a  1  2  5  6  7  8  9  10  3 4  b  1  2  5  6  7  8  9  10  3 11
0.70710678118654746  a  1  2  5  6  7  8  9  10  3 11  b  1  2  5  6  7  8  9  10  3 4
2
0.70710678118654746  a  1  2  5  6  7  8  9  10  3 4  b  1  2  5  6  7  8  9  10  3 12
0.70710678118654746  a  1  2  5  6  7  8  9  10  3 12  b  1  2  5  6  7  8  9  10  3 4
2
0.70710678118654746  a  1  2  5  6  7  8  9  10  3 4  b  1  2  5  6  7  8  9  10  3 13
0.70710678118654746  a  1  2  5  6  7  8  9  10  3 13  b  1  2  5  6  7  8  9  10  3 4
2
0.70710678118654746  a  1  2  5  6  7  8  9  10  3 4  b  1  2  5  6  7  8  9  10  3 14
0.70710678118654746  a  1  2  5  6  7  8  9  10  3 14  b  1  2  5  6  7  8  9  10  3 4
2
0.70710678118654746  a  1  2  5  6  7  8  9  10  3 4  b  1  2  5  6  7  8  9  10  3 15
0.70710678118654746  a  1  2  5  6  7  8  9  10  3 15  b  1  2  5  6  7  8  9  10  3 4
2
0.70710678118654746  a  1  2  5  6  7  8  9  10  3 4  b  1  2  5  6  7  8  9  10  3 16
0.70710678118654746  a  1  2  5  6  7  8  9  10  3 16  b  1  2  5  6  7  8  9  10  3 4
2
0.70710678118654746  a  1  2  5  6  7  8  9  10  3 4  b  1  2  5  6  7  8  9  10  3 17
0.70710678118654746  a  1  2  5  6  7  8  9  10  3 17  b  1  2  5  6  7  8  9  10  3 4
2
0.70710678118654746  a  1  2  5  6  7  8  9  10  3 4  b  1  2  5  6  7  8  9  10  3 18
0.70710678118654746  a  1  2  5  6  7  8  9  10  3 18  b  1  2  5  6  7  8  9  10  3 4
2
0.70710678118654746  a  1  2  5  6  7  8  9  10  3 4  b  1  2  5  6  7  8  9  10  3 19
0.70710678118654746  a  1  2  5  6  7  8  9  10  3 19  b  1  2  5  6  7  8  9  10  3 4
2
0.70710678118654746  a  1  2  5  6  7  8  9  10  3 4  b  1  2  5  6  7  8  9  10  3 20
0.70710678118654746  a  1  2  5  6  7  8  9  10  3 20  b  1  2  5  6  7  8  9  10  3 4
2
0.70710678118654746  a  1  2  5  6  7  8  9  10  3 4  b  1  2  5  6  7  8  9  10  3 21
0.70710678118654746  a  1  2  5  6  7  8  9  10  3 21  b  1  2  5  6  7  8  9  10  3 4
2
0.70710678118654746  a  1  2  5  6  7  8  9  10  3 4  b  1  2  5  6  7  8  9  10  3 22
0.70710678118654746  a  1  2  5  6  7  8  9  10  3 22  b  1  2  5  6  7  8  9  10  3 4
2
0.70710678118654746  a  1  2  5  6  7  8  9  10  3 4  b  1  2  5  6  7  8  9  10  3 23
0.70710678118654746  a  1  2  5  6  7  8  9  10  3 23  b  1  2  5  6  7  8  9  10  3 4
2
0.70710678118654746  a  1  2  5  6  7  8  9  10  3 4  b  1  2  5  6  7  8  9  10  3 24
0.70710678118654746  a  1  2  5  6  7  8  9  10  3 24  b  1  2  5  6  7  8  9  10  3 4
2
0.70710678118654746  a  1  2  5  6  7  8  9  10  3 4  b  1  2  5  6  7  8  9  10  3 25
0.70710678118654746  a  1  2  5  6  7  8  9  10  3 25  b  1  2  5  6  7  8  9  10  3 4
2
0.70710678118654746  a  1  2  5  6  7  8  9  10  3 4  b  1  2  5  6  7  8  9  10  3 26
0.70710678118654746  a  1  2  5  6  7  8  9  10  3 26  b  1  2  5  6  7  8  9  10  3 4
2
0.70710678118654746  a  1  2  5  6  7  8  9  10  3 4  b  1  2  5  6  7  8  9  10  3 27
0.70710678118654746  a  1  2  5  6  7  8  9  10  3 27  b  1  2  5  6  7  8  9  10  3 4
2
0.70710678118654746  a  1  2  5  6  7  8  9  10  3 4  b  1  2  5  6  7  8  9  10  3 28
0.70710678118654746  a  1  2  5  6  7  8  9  10  3 28  b  1  2  5  6  7  8  9  10  3 4
2
0.70710678118654746  a  1  2  5  6  7  8  9  10  3 4  b  1  2  5  6  7  8  9  10  3 29
0.70710678118654746  a  1  2  5  6  7  8  9  10  3 29  b  1  2  5  6  7  8  9  10  3 4
2
0.70710678118654746  a  1  2  5  6  7  8  9  10  3 4  b  1  2  5  6  7  8  9  10  3 30
0.70710678118654746  a  1  2  5  6  7  8  9  10  3 30  b  1  2  5  6  7  8  9  10  3 4
2
0.70710678118654746  a  1  2  5  6  7  8  9  10  3 4  b  1  2  5  6  7  8  9  10  3 31
0.70710678118654746  a  1  2  5  6  7  8  9  10  3 31  b  1  2  5  6  7  8  9  10  3 4
2
0.70710678118654746  a  1  2  5  6  7  8  9  10  3 4  b  1  2  5  6  7  8  9  10  3 32
0.70710678118654746  a  1  2  5  6  7  8  9  10  3 32  b  1  2  5  6  7  8  9  10  3 4
2
0.70710678118654746  a  1  2  5  6  7  8  9  10  3 4  b  1  2  5  6  7  8  9  10  3 33
0.70710678118654746  a  1  2  5  6  7  8  9  10  3 33  b  1  2  5  6  7  8  9  10  3 4
2
0.70710678118654746  a  1  2  5  6  7  8  9  10  3 4  b  1  2  5  6  7  8  9  10  3 34
0.70710678118654746  a  1  2  5  6  7  8  9  10  3 34  b  1  2  5  6  7  8  9  10  3 4
2
0.70710678118654746  a  1  2  5  6  7  8  9  10  3 4  b  1  2  5  6  7  8  9  10  3 35
0.70710678118654746  a  1  2  5  6  7  8  9  10  3 35  b  1  2  5  6  7  8  9  10  3 4
2
0.70710678118654746  a  1  2  5  6  7  8  9  10  3 4  b  1  2  5  6  7  8  9  10  3 36
0.70710678118654746  a  1  2  5  6  7  8  9  10  3 36  b  1  2  5  6  7  8  9  10  3 4
2
0.70710678118654746  a  1  2  5  6  7  8  9  10  3 4  b  1  2  5  6  7  8  9  10  3 37
0.70710678118654746  a  1  2  5  6  7  8  9  10  3 37  b  1  2  5  6  7  8  9  10  3 4
2
0.70710678118654746  a  1  2  5  6  7  8  9  10  3 4  b  1  2  5  6  7  8  9  10  3 38
0.70710678118654746  a  1  2  5  6  7  8  9  10  3 38  b  1  2  5  6  7  8  9  10  3 4
