16 0.000000000000001
 ci_ne_final_72.out 
5 4
16
2
0.70710678118654746  a  1  2  3 4 72  b  1  2  3 5
0.70710678118654746  a  1  2  3 5 72  b  1  2  3 4
3
-0.40824829046386307  a  1  2  3 5 72  b  1  2  3 4
0.40824829046386307  a  1  2  3 4 72  b  1  2  3 5
0.81649658092772615  a  1  2  3 4 5  b  1  2  3 72
2
0.70710678118654746  a  1  2  4 3 72  b  1  2  4 5
0.70710678118654746  a  1  2  4 5 72  b  1  2  4 3
3
-0.40824829046386307  a  1  2  4 5 72  b  1  2  4 3
0.40824829046386307  a  1  2  4 3 72  b  1  2  4 5
0.81649658092772615  a  1  2  4 3 5  b  1  2  4 72
2
0.70710678118654746  a  1  2  5 3 72  b  1  2  5 4
0.70710678118654746  a  1  2  5 4 72  b  1  2  5 3
3
-0.40824829046386307  a  1  2  5 4 72  b  1  2  5 3
0.40824829046386307  a  1  2  5 3 72  b  1  2  5 4
0.81649658092772615  a  1  2  5 3 4  b  1  2  5 72
2
0.70710678118654746  a  1  3  4 2 72  b  1  3  4 5
0.70710678118654746  a  1  3  4 5 72  b  1  3  4 2
3
-0.40824829046386307  a  1  3  4 5 72  b  1  3  4 2
0.40824829046386307  a  1  3  4 2 72  b  1  3  4 5
0.81649658092772615  a  1  3  4 2 5  b  1  3  4 72
2
0.70710678118654746  a  1  3  5 2 72  b  1  3  5 4
0.70710678118654746  a  1  3  5 4 72  b  1  3  5 2
3
-0.40824829046386307  a  1  3  5 4 72  b  1  3  5 2
0.40824829046386307  a  1  3  5 2 72  b  1  3  5 4
0.81649658092772615  a  1  3  5 2 4  b  1  3  5 72
2
0.70710678118654746  a  1  4  5 2 72  b  1  4  5 3
0.70710678118654746  a  1  4  5 3 72  b  1  4  5 2
3
-0.40824829046386307  a  1  4  5 3 72  b  1  4  5 2
0.40824829046386307  a  1  4  5 2 72  b  1  4  5 3
0.81649658092772615  a  1  4  5 2 3  b  1  4  5 72
1
1.0  a  1  2  3  4 72  b  1  2  3  4
1
1.0  a  1  2  3  5 72  b  1  2  3  5
1
1.0  a  1  2  4  5 72  b  1  2  4  5
1
1.0  a  1  3  4  5 72  b  1  3  4  5
