10 0.000000000000001
 ci_ne_singlet.out 
4 4
10
2
0.70710678118654746  a  1  2  3 4  b  1  2  3 5
0.70710678118654746  a  1  2  3 5  b  1  2  3 4
2
0.70710678118654746  a  1  2  4 3  b  1  2  4 5
0.70710678118654746  a  1  2  4 5  b  1  2  4 3
2
0.70710678118654746  a  1  2  5 3  b  1  2  5 4
0.70710678118654746  a  1  2  5 4  b  1  2  5 3
2
0.70710678118654746  a  1  3  4 2  b  1  3  4 5
0.70710678118654746  a  1  3  4 5  b  1  3  4 2
2
0.70710678118654746  a  1  3  5 2  b  1  3  5 4
0.70710678118654746  a  1  3  5 4  b  1  3  5 2
2
0.70710678118654746  a  1  4  5 2  b  1  4  5 3
0.70710678118654746  a  1  4  5 3  b  1  4  5 2
1
1.0  a  1  2  3  4   b  1  2  3  4
1
1.0  a  1  2  3  5   b  1  2  3  5
1
1.0  a  1  2  4  5   b  1  2  4  5
1
1.0  a  1  3  4  5   b  1  3  4  5
