1
1.0  a  4  1 2  3  b  4  1
1
1.0  a  4  2 1  3  b  4  2
1
1.0  a  4  3 1  2  b  4  3
2
0.70710678118654746  a  4 1 3 5  b  4 2
0.70710678118654746  a  4 2 3 5  b  4 1
3
-0.40824829046386307  a  4 2 3 5  b  4 1
0.40824829046386307  a  4 1 3 5  b  4 2
0.81649658092772615  a  4 1 2 5  b  4 3
4
-0.28867513459481292  a  4 2 3 5  b  4 1
0.28867513459481292  a  4 1 3 5  b  4 2
-0.28867513459481292  a  4 1 2 5  b  4 3
-0.866025403784439    a  4 1 2 3  b  4 5
1
1.0  a  4  1 2  5  b  4  1
1
1.0  a  4  2 1  5  b  4  2
1
1.0  a  4  1 3  5  b  4  1
1
1.0  a  4  3 1  5  b  4  3
1
1.0  a  4  2 3  5  b  4  2
1
1.0  a  4  3 2  5  b  4  3
2
0.70710678118654746  a  4 1 3 6  b  4 2
0.70710678118654746  a  4 2 3 6  b  4 1
3
-0.40824829046386307  a  4 2 3 6  b  4 1
0.40824829046386307  a  4 1 3 6  b  4 2
0.81649658092772615  a  4 1 2 6  b  4 3
4
-0.28867513459481292  a  4 2 3 6  b  4 1
0.28867513459481292  a  4 1 3 6  b  4 2
-0.28867513459481292  a  4 1 2 6  b  4 3
-0.866025403784439    a  4 1 2 3  b  4 6
1
1.0  a  4  1 2  6  b  4  1
1
1.0  a  4  2 1  6  b  4  2
1
1.0  a  4  1 3  6  b  4  1
1
1.0  a  4  3 1  6  b  4  3
1
1.0  a  4  2 3  6  b  4  2
1
1.0  a  4  3 2  6  b  4  3
