33 0.000000000000001
 ci_ch2+_final_98 
4 3
33
2
0.70710678118654746  a  4  1 2 98  b  4  1 3
0.70710678118654746  a  4  1 3 98  b  4  1 2
3
-0.40824829046386307  a  4  1 3 98  b  4  1 2
0.40824829046386307  a  4  1 2 98  b  4  1 3
0.81649658092772615  a  4  1 2 3  b  4  1 98
2
0.70710678118654746  a  4  2 1 98  b  4  2 3
0.70710678118654746  a  4  2 3 98  b  4  2 1
3
-0.40824829046386307  a  4  2 3 98  b  4  2 1
0.40824829046386307  a  4  2 1 98  b  4  2 3
0.81649658092772615  a  4  2 1 3  b  4  2 98
2
0.70710678118654746  a  4  3 1 98  b  4  3 2
0.70710678118654746  a  4  3 2 98  b  4  3 1
3
-0.40824829046386307  a  4  3 2 98  b  4  3 1
0.40824829046386307  a  4  3 1 98  b  4  3 2
0.81649658092772615  a  4  3 1 2  b  4  3 98
1
1.0  a  4  1  2 98  b  4  1  2
1
1.0  a  4  1  3 98  b  4  1  3
1
1.0  a  4  2  3 98  b  4  2  3
2
0.70710678118654746  a  4  1 2 98  b  4  1 5
0.70710678118654746  a  4  1 5 98  b  4  1 2
3
-0.40824829046386307  a  4  1 5 98  b  4  1 2
0.40824829046386307  a  4  1 2 98  b  4  1 5
0.81649658092772615  a  4  1 2 5  b  4  1 98
2
0.70710678118654746  a  4  2 1 98  b  4  2 5
0.70710678118654746  a  4  2 5 98  b  4  2 1
3
-0.40824829046386307  a  4  2 5 98  b  4  2 1
0.40824829046386307  a  4  2 1 98  b  4  2 5
0.81649658092772615  a  4  2 1 5  b  4  2 98
2
0.70710678118654746  a  4  1 3 98  b  4  1 5
0.70710678118654746  a  4  1 5 98  b  4  1 3
3
-0.40824829046386307  a  4  1 5 98  b  4  1 3
0.40824829046386307  a  4  1 3 98  b  4  1 5
0.81649658092772615  a  4  1 3 5  b  4  1 98
2
0.70710678118654746  a  4  3 1 98  b  4  3 5
0.70710678118654746  a  4  3 5 98  b  4  3 1
3
-0.40824829046386307  a  4  3 5 98  b  4  3 1
0.40824829046386307  a  4  3 1 98  b  4  3 5
0.81649658092772615  a  4  3 1 5  b  4  3 98
2
0.70710678118654746  a  4  2 3 98  b  4  2 5
0.70710678118654746  a  4  2 5 98  b  4  2 3
3
-0.40824829046386307  a  4  2 5 98  b  4  2 3
0.40824829046386307  a  4  2 3 98  b  4  2 5
0.81649658092772615  a  4  2 3 5  b  4  2 98
2
0.70710678118654746  a  4  3 2 98  b  4  3 5
0.70710678118654746  a  4  3 5 98  b  4  3 2
3
-0.40824829046386307  a  4  3 5 98  b  4  3 2
0.40824829046386307  a  4  3 2 98  b  4  3 5
0.81649658092772615  a  4  3 2 5  b  4  3 98
2
0.70710678118654746  a  4  1 2 98  b  4  1 6
0.70710678118654746  a  4  1 6 98  b  4  1 2
3
-0.40824829046386307  a  4  1 6 98  b  4  1 2
0.40824829046386307  a  4  1 2 98  b  4  1 6
0.81649658092772615  a  4  1 2 6  b  4  1 98
2
0.70710678118654746  a  4  2 1 98  b  4  2 6
0.70710678118654746  a  4  2 6 98  b  4  2 1
3
-0.40824829046386307  a  4  2 6 98  b  4  2 1
0.40824829046386307  a  4  2 1 98  b  4  2 6
0.81649658092772615  a  4  2 1 6  b  4  2 98
2
0.70710678118654746  a  4  1 3 98  b  4  1 6
0.70710678118654746  a  4  1 6 98  b  4  1 3
3
-0.40824829046386307  a  4  1 6 98  b  4  1 3
0.40824829046386307  a  4  1 3 98  b  4  1 6
0.81649658092772615  a  4  1 3 6  b  4  1 98
2
0.70710678118654746  a  4  3 1 98  b  4  3 6
0.70710678118654746  a  4  3 6 98  b  4  3 1
3
-0.40824829046386307  a  4  3 6 98  b  4  3 1
0.40824829046386307  a  4  3 1 98  b  4  3 6
0.81649658092772615  a  4  3 1 6  b  4  3 98
2
0.70710678118654746  a  4  2 3 98  b  4  2 6
0.70710678118654746  a  4  2 6 98  b  4  2 3
3
-0.40824829046386307  a  4  2 6 98  b  4  2 3
0.40824829046386307  a  4  2 3 98  b  4  2 6
0.81649658092772615  a  4  2 3 6  b  4  2 98
2
0.70710678118654746  a  4  3 2 98  b  4  3 6
0.70710678118654746  a  4  3 6 98  b  4  3 2
3
-0.40824829046386307  a  4  3 6 98  b  4  3 2
0.40824829046386307  a  4  3 2 98  b  4  3 6
0.81649658092772615  a  4  3 2 6  b  4  3 98
