84 0.000000000000001
 ci_ch3_final_49.out 
4 4
84
2
0.70710678118654746  a  4  1  2 3  b  4  1  2 49
0.70710678118654746  a  4  1  2 49  b  4  1  2 3
2
0.70710678118654746  a  4  1  3 2  b  4  1  3 49
0.70710678118654746  a  4  1  3 49  b  4  1  3 2
2
0.70710678118654746  a  4  2  3 1  b  4  2  3 49
0.70710678118654746  a  4  2  3 49  b  4  2  3 1
4
0.5  a  4  1 2 5  b  4  1 3 49
0.5  a  4  1 2 49  b  4  1 3 5
0.5  a  4  1 3 5  b  4  1 2 49
0.5  a  4  1 3 49  b  4  1 2 5
6
0.57735026918962584  a  4  1 2 3  b  4  1 5 49
0.57735026918962584  a  4  1 5 49  b  4  1 2 3
0.28867513459481292  a  4  1 2 5  b  4  1 3 49
0.28867513459481292  a  4  1 3 49  b  4  1 2 5
-0.28867513459481292  a  4  1 2 49  b  4  1 3 5
-0.28867513459481292  a  4  1 3 5  b  4  1 2 49
4
0.5  a  4  1 2 6  b  4  1 3 49
0.5  a  4  1 2 49  b  4  1 3 6
0.5  a  4  1 3 6  b  4  1 2 49
0.5  a  4  1 3 49  b  4  1 2 6
6
0.57735026918962584  a  4  1 2 3  b  4  1 6 49
0.57735026918962584  a  4  1 6 49  b  4  1 2 3
0.28867513459481292  a  4  1 2 6  b  4  1 3 49
0.28867513459481292  a  4  1 3 49  b  4  1 2 6
-0.28867513459481292  a  4  1 2 49  b  4  1 3 6
-0.28867513459481292  a  4  1 3 6  b  4  1 2 49
4
0.5  a  4  1 2 7  b  4  1 3 49
0.5  a  4  1 2 49  b  4  1 3 7
0.5  a  4  1 3 7  b  4  1 2 49
0.5  a  4  1 3 49  b  4  1 2 7
6
0.57735026918962584  a  4  1 2 3  b  4  1 7 49
0.57735026918962584  a  4  1 7 49  b  4  1 2 3
0.28867513459481292  a  4  1 2 7  b  4  1 3 49
0.28867513459481292  a  4  1 3 49  b  4  1 2 7
-0.28867513459481292  a  4  1 2 49  b  4  1 3 7
-0.28867513459481292  a  4  1 3 7  b  4  1 2 49
4
0.5  a  4  1 2 8  b  4  1 3 49
0.5  a  4  1 2 49  b  4  1 3 8
0.5  a  4  1 3 8  b  4  1 2 49
0.5  a  4  1 3 49  b  4  1 2 8
6
0.57735026918962584  a  4  1 2 3  b  4  1 8 49
0.57735026918962584  a  4  1 8 49  b  4  1 2 3
0.28867513459481292  a  4  1 2 8  b  4  1 3 49
0.28867513459481292  a  4  1 3 49  b  4  1 2 8
-0.28867513459481292  a  4  1 2 49  b  4  1 3 8
-0.28867513459481292  a  4  1 3 8  b  4  1 2 49
4
0.5  a  4  1 2 9  b  4  1 3 49
0.5  a  4  1 2 49  b  4  1 3 9
0.5  a  4  1 3 9  b  4  1 2 49
0.5  a  4  1 3 49  b  4  1 2 9
6
0.57735026918962584  a  4  1 2 3  b  4  1 9 49
0.57735026918962584  a  4  1 9 49  b  4  1 2 3
0.28867513459481292  a  4  1 2 9  b  4  1 3 49
0.28867513459481292  a  4  1 3 49  b  4  1 2 9
-0.28867513459481292  a  4  1 2 49  b  4  1 3 9
-0.28867513459481292  a  4  1 3 9  b  4  1 2 49
4
0.5  a  4  1 2 10  b  4  1 3 49
0.5  a  4  1 2 49  b  4  1 3 10
0.5  a  4  1 3 10  b  4  1 2 49
0.5  a  4  1 3 49  b  4  1 2 10
6
0.57735026918962584  a  4  1 2 3  b  4  1 10 49
0.57735026918962584  a  4  1 10 49  b  4  1 2 3
0.28867513459481292  a  4  1 2 10  b  4  1 3 49
0.28867513459481292  a  4  1 3 49  b  4  1 2 10
-0.28867513459481292  a  4  1 2 49  b  4  1 3 10
-0.28867513459481292  a  4  1 3 10  b  4  1 2 49
4
0.5  a  4  1 2 11  b  4  1 3 49
0.5  a  4  1 2 49  b  4  1 3 11
0.5  a  4  1 3 11  b  4  1 2 49
0.5  a  4  1 3 49  b  4  1 2 11
6
0.57735026918962584  a  4  1 2 3  b  4  1 11 49
0.57735026918962584  a  4  1 11 49  b  4  1 2 3
0.28867513459481292  a  4  1 2 11  b  4  1 3 49
0.28867513459481292  a  4  1 3 49  b  4  1 2 11
-0.28867513459481292  a  4  1 2 49  b  4  1 3 11
-0.28867513459481292  a  4  1 3 11  b  4  1 2 49
4
0.5  a  4  1 2 12  b  4  1 3 49
0.5  a  4  1 2 49  b  4  1 3 12
0.5  a  4  1 3 12  b  4  1 2 49
0.5  a  4  1 3 49  b  4  1 2 12
6
0.57735026918962584  a  4  1 2 3  b  4  1 12 49
0.57735026918962584  a  4  1 12 49  b  4  1 2 3
0.28867513459481292  a  4  1 2 12  b  4  1 3 49
0.28867513459481292  a  4  1 3 49  b  4  1 2 12
-0.28867513459481292  a  4  1 2 49  b  4  1 3 12
-0.28867513459481292  a  4  1 3 12  b  4  1 2 49
4
0.5  a  4  1 2 13  b  4  1 3 49
0.5  a  4  1 2 49  b  4  1 3 13
0.5  a  4  1 3 13  b  4  1 2 49
0.5  a  4  1 3 49  b  4  1 2 13
6
0.57735026918962584  a  4  1 2 3  b  4  1 13 49
0.57735026918962584  a  4  1 13 49  b  4  1 2 3
0.28867513459481292  a  4  1 2 13  b  4  1 3 49
0.28867513459481292  a  4  1 3 49  b  4  1 2 13
-0.28867513459481292  a  4  1 2 49  b  4  1 3 13
-0.28867513459481292  a  4  1 3 13  b  4  1 2 49
4
0.5  a  4  2 1 5  b  4  2 3 49
0.5  a  4  2 1 49  b  4  2 3 5
0.5  a  4  2 3 5  b  4  2 1 49
0.5  a  4  2 3 49  b  4  2 1 5
6
0.57735026918962584  a  4  2 1 3  b  4  2 5 49
0.57735026918962584  a  4  2 5 49  b  4  2 1 3
0.28867513459481292  a  4  2 1 5  b  4  2 3 49
0.28867513459481292  a  4  2 3 49  b  4  2 1 5
-0.28867513459481292  a  4  2 1 49  b  4  2 3 5
-0.28867513459481292  a  4  2 3 5  b  4  2 1 49
4
0.5  a  4  2 1 6  b  4  2 3 49
0.5  a  4  2 1 49  b  4  2 3 6
0.5  a  4  2 3 6  b  4  2 1 49
0.5  a  4  2 3 49  b  4  2 1 6
6
0.57735026918962584  a  4  2 1 3  b  4  2 6 49
0.57735026918962584  a  4  2 6 49  b  4  2 1 3
0.28867513459481292  a  4  2 1 6  b  4  2 3 49
0.28867513459481292  a  4  2 3 49  b  4  2 1 6
-0.28867513459481292  a  4  2 1 49  b  4  2 3 6
-0.28867513459481292  a  4  2 3 6  b  4  2 1 49
4
0.5  a  4  2 1 7  b  4  2 3 49
0.5  a  4  2 1 49  b  4  2 3 7
0.5  a  4  2 3 7  b  4  2 1 49
0.5  a  4  2 3 49  b  4  2 1 7
6
0.57735026918962584  a  4  2 1 3  b  4  2 7 49
0.57735026918962584  a  4  2 7 49  b  4  2 1 3
0.28867513459481292  a  4  2 1 7  b  4  2 3 49
0.28867513459481292  a  4  2 3 49  b  4  2 1 7
-0.28867513459481292  a  4  2 1 49  b  4  2 3 7
-0.28867513459481292  a  4  2 3 7  b  4  2 1 49
4
0.5  a  4  2 1 8  b  4  2 3 49
0.5  a  4  2 1 49  b  4  2 3 8
0.5  a  4  2 3 8  b  4  2 1 49
0.5  a  4  2 3 49  b  4  2 1 8
6
0.57735026918962584  a  4  2 1 3  b  4  2 8 49
0.57735026918962584  a  4  2 8 49  b  4  2 1 3
0.28867513459481292  a  4  2 1 8  b  4  2 3 49
0.28867513459481292  a  4  2 3 49  b  4  2 1 8
-0.28867513459481292  a  4  2 1 49  b  4  2 3 8
-0.28867513459481292  a  4  2 3 8  b  4  2 1 49
4
0.5  a  4  2 1 9  b  4  2 3 49
0.5  a  4  2 1 49  b  4  2 3 9
0.5  a  4  2 3 9  b  4  2 1 49
0.5  a  4  2 3 49  b  4  2 1 9
6
0.57735026918962584  a  4  2 1 3  b  4  2 9 49
0.57735026918962584  a  4  2 9 49  b  4  2 1 3
0.28867513459481292  a  4  2 1 9  b  4  2 3 49
0.28867513459481292  a  4  2 3 49  b  4  2 1 9
-0.28867513459481292  a  4  2 1 49  b  4  2 3 9
-0.28867513459481292  a  4  2 3 9  b  4  2 1 49
4
0.5  a  4  2 1 10  b  4  2 3 49
0.5  a  4  2 1 49  b  4  2 3 10
0.5  a  4  2 3 10  b  4  2 1 49
0.5  a  4  2 3 49  b  4  2 1 10
6
0.57735026918962584  a  4  2 1 3  b  4  2 10 49
0.57735026918962584  a  4  2 10 49  b  4  2 1 3
0.28867513459481292  a  4  2 1 10  b  4  2 3 49
0.28867513459481292  a  4  2 3 49  b  4  2 1 10
-0.28867513459481292  a  4  2 1 49  b  4  2 3 10
-0.28867513459481292  a  4  2 3 10  b  4  2 1 49
4
0.5  a  4  2 1 11  b  4  2 3 49
0.5  a  4  2 1 49  b  4  2 3 11
0.5  a  4  2 3 11  b  4  2 1 49
0.5  a  4  2 3 49  b  4  2 1 11
6
0.57735026918962584  a  4  2 1 3  b  4  2 11 49
0.57735026918962584  a  4  2 11 49  b  4  2 1 3
0.28867513459481292  a  4  2 1 11  b  4  2 3 49
0.28867513459481292  a  4  2 3 49  b  4  2 1 11
-0.28867513459481292  a  4  2 1 49  b  4  2 3 11
-0.28867513459481292  a  4  2 3 11  b  4  2 1 49
4
0.5  a  4  2 1 12  b  4  2 3 49
0.5  a  4  2 1 49  b  4  2 3 12
0.5  a  4  2 3 12  b  4  2 1 49
0.5  a  4  2 3 49  b  4  2 1 12
6
0.57735026918962584  a  4  2 1 3  b  4  2 12 49
0.57735026918962584  a  4  2 12 49  b  4  2 1 3
0.28867513459481292  a  4  2 1 12  b  4  2 3 49
0.28867513459481292  a  4  2 3 49  b  4  2 1 12
-0.28867513459481292  a  4  2 1 49  b  4  2 3 12
-0.28867513459481292  a  4  2 3 12  b  4  2 1 49
4
0.5  a  4  2 1 13  b  4  2 3 49
0.5  a  4  2 1 49  b  4  2 3 13
0.5  a  4  2 3 13  b  4  2 1 49
0.5  a  4  2 3 49  b  4  2 1 13
6
0.57735026918962584  a  4  2 1 3  b  4  2 13 49
0.57735026918962584  a  4  2 13 49  b  4  2 1 3
0.28867513459481292  a  4  2 1 13  b  4  2 3 49
0.28867513459481292  a  4  2 3 49  b  4  2 1 13
-0.28867513459481292  a  4  2 1 49  b  4  2 3 13
-0.28867513459481292  a  4  2 3 13  b  4  2 1 49
4
0.5  a  4  3 1 5  b  4  3 2 49
0.5  a  4  3 1 49  b  4  3 2 5
0.5  a  4  3 2 5  b  4  3 1 49
0.5  a  4  3 2 49  b  4  3 1 5
6
0.57735026918962584  a  4  3 1 2  b  4  3 5 49
0.57735026918962584  a  4  3 5 49  b  4  3 1 2
0.28867513459481292  a  4  3 1 5  b  4  3 2 49
0.28867513459481292  a  4  3 2 49  b  4  3 1 5
-0.28867513459481292  a  4  3 1 49  b  4  3 2 5
-0.28867513459481292  a  4  3 2 5  b  4  3 1 49
4
0.5  a  4  3 1 6  b  4  3 2 49
0.5  a  4  3 1 49  b  4  3 2 6
0.5  a  4  3 2 6  b  4  3 1 49
0.5  a  4  3 2 49  b  4  3 1 6
6
0.57735026918962584  a  4  3 1 2  b  4  3 6 49
0.57735026918962584  a  4  3 6 49  b  4  3 1 2
0.28867513459481292  a  4  3 1 6  b  4  3 2 49
0.28867513459481292  a  4  3 2 49  b  4  3 1 6
-0.28867513459481292  a  4  3 1 49  b  4  3 2 6
-0.28867513459481292  a  4  3 2 6  b  4  3 1 49
4
0.5  a  4  3 1 7  b  4  3 2 49
0.5  a  4  3 1 49  b  4  3 2 7
0.5  a  4  3 2 7  b  4  3 1 49
0.5  a  4  3 2 49  b  4  3 1 7
6
0.57735026918962584  a  4  3 1 2  b  4  3 7 49
0.57735026918962584  a  4  3 7 49  b  4  3 1 2
0.28867513459481292  a  4  3 1 7  b  4  3 2 49
0.28867513459481292  a  4  3 2 49  b  4  3 1 7
-0.28867513459481292  a  4  3 1 49  b  4  3 2 7
-0.28867513459481292  a  4  3 2 7  b  4  3 1 49
4
0.5  a  4  3 1 8  b  4  3 2 49
0.5  a  4  3 1 49  b  4  3 2 8
0.5  a  4  3 2 8  b  4  3 1 49
0.5  a  4  3 2 49  b  4  3 1 8
6
0.57735026918962584  a  4  3 1 2  b  4  3 8 49
0.57735026918962584  a  4  3 8 49  b  4  3 1 2
0.28867513459481292  a  4  3 1 8  b  4  3 2 49
0.28867513459481292  a  4  3 2 49  b  4  3 1 8
-0.28867513459481292  a  4  3 1 49  b  4  3 2 8
-0.28867513459481292  a  4  3 2 8  b  4  3 1 49
4
0.5  a  4  3 1 9  b  4  3 2 49
0.5  a  4  3 1 49  b  4  3 2 9
0.5  a  4  3 2 9  b  4  3 1 49
0.5  a  4  3 2 49  b  4  3 1 9
6
0.57735026918962584  a  4  3 1 2  b  4  3 9 49
0.57735026918962584  a  4  3 9 49  b  4  3 1 2
0.28867513459481292  a  4  3 1 9  b  4  3 2 49
0.28867513459481292  a  4  3 2 49  b  4  3 1 9
-0.28867513459481292  a  4  3 1 49  b  4  3 2 9
-0.28867513459481292  a  4  3 2 9  b  4  3 1 49
4
0.5  a  4  3 1 10  b  4  3 2 49
0.5  a  4  3 1 49  b  4  3 2 10
0.5  a  4  3 2 10  b  4  3 1 49
0.5  a  4  3 2 49  b  4  3 1 10
6
0.57735026918962584  a  4  3 1 2  b  4  3 10 49
0.57735026918962584  a  4  3 10 49  b  4  3 1 2
0.28867513459481292  a  4  3 1 10  b  4  3 2 49
0.28867513459481292  a  4  3 2 49  b  4  3 1 10
-0.28867513459481292  a  4  3 1 49  b  4  3 2 10
-0.28867513459481292  a  4  3 2 10  b  4  3 1 49
4
0.5  a  4  3 1 11  b  4  3 2 49
0.5  a  4  3 1 49  b  4  3 2 11
0.5  a  4  3 2 11  b  4  3 1 49
0.5  a  4  3 2 49  b  4  3 1 11
6
0.57735026918962584  a  4  3 1 2  b  4  3 11 49
0.57735026918962584  a  4  3 11 49  b  4  3 1 2
0.28867513459481292  a  4  3 1 11  b  4  3 2 49
0.28867513459481292  a  4  3 2 49  b  4  3 1 11
-0.28867513459481292  a  4  3 1 49  b  4  3 2 11
-0.28867513459481292  a  4  3 2 11  b  4  3 1 49
4
0.5  a  4  3 1 12  b  4  3 2 49
0.5  a  4  3 1 49  b  4  3 2 12
0.5  a  4  3 2 12  b  4  3 1 49
0.5  a  4  3 2 49  b  4  3 1 12
6
0.57735026918962584  a  4  3 1 2  b  4  3 12 49
0.57735026918962584  a  4  3 12 49  b  4  3 1 2
0.28867513459481292  a  4  3 1 12  b  4  3 2 49
0.28867513459481292  a  4  3 2 49  b  4  3 1 12
-0.28867513459481292  a  4  3 1 49  b  4  3 2 12
-0.28867513459481292  a  4  3 2 12  b  4  3 1 49
4
0.5  a  4  3 1 13  b  4  3 2 49
0.5  a  4  3 1 49  b  4  3 2 13
0.5  a  4  3 2 13  b  4  3 1 49
0.5  a  4  3 2 49  b  4  3 1 13
6
0.57735026918962584  a  4  3 1 2  b  4  3 13 49
0.57735026918962584  a  4  3 13 49  b  4  3 1 2
0.28867513459481292  a  4  3 1 13  b  4  3 2 49
0.28867513459481292  a  4  3 2 49  b  4  3 1 13
-0.28867513459481292  a  4  3 1 49  b  4  3 2 13
-0.28867513459481292  a  4  3 2 13  b  4  3 1 49
2
0.70710678118654746  a  4  1  2 5  b  4  1  2 49
0.70710678118654746  a  4  1  2 49  b  4  1  2 5
2
0.70710678118654746  a  4  1  2 6  b  4  1  2 49
0.70710678118654746  a  4  1  2 49  b  4  1  2 6
2
0.70710678118654746  a  4  1  2 7  b  4  1  2 49
0.70710678118654746  a  4  1  2 49  b  4  1  2 7
2
0.70710678118654746  a  4  1  2 8  b  4  1  2 49
0.70710678118654746  a  4  1  2 49  b  4  1  2 8
2
0.70710678118654746  a  4  1  2 9  b  4  1  2 49
0.70710678118654746  a  4  1  2 49  b  4  1  2 9
2
0.70710678118654746  a  4  1  2 10  b  4  1  2 49
0.70710678118654746  a  4  1  2 49  b  4  1  2 10
2
0.70710678118654746  a  4  1  2 11  b  4  1  2 49
0.70710678118654746  a  4  1  2 49  b  4  1  2 11
2
0.70710678118654746  a  4  1  2 12  b  4  1  2 49
0.70710678118654746  a  4  1  2 49  b  4  1  2 12
2
0.70710678118654746  a  4  1  2 13  b  4  1  2 49
0.70710678118654746  a  4  1  2 49  b  4  1  2 13
2
0.70710678118654746  a  4  1  3 5  b  4  1  3 49
0.70710678118654746  a  4  1  3 49  b  4  1  3 5
2
0.70710678118654746  a  4  1  3 6  b  4  1  3 49
0.70710678118654746  a  4  1  3 49  b  4  1  3 6
2
0.70710678118654746  a  4  1  3 7  b  4  1  3 49
0.70710678118654746  a  4  1  3 49  b  4  1  3 7
2
0.70710678118654746  a  4  1  3 8  b  4  1  3 49
0.70710678118654746  a  4  1  3 49  b  4  1  3 8
2
0.70710678118654746  a  4  1  3 9  b  4  1  3 49
0.70710678118654746  a  4  1  3 49  b  4  1  3 9
2
0.70710678118654746  a  4  1  3 10  b  4  1  3 49
0.70710678118654746  a  4  1  3 49  b  4  1  3 10
2
0.70710678118654746  a  4  1  3 11  b  4  1  3 49
0.70710678118654746  a  4  1  3 49  b  4  1  3 11
2
0.70710678118654746  a  4  1  3 12  b  4  1  3 49
0.70710678118654746  a  4  1  3 49  b  4  1  3 12
2
0.70710678118654746  a  4  1  3 13  b  4  1  3 49
0.70710678118654746  a  4  1  3 49  b  4  1  3 13
2
0.70710678118654746  a  4  2  3 5  b  4  2  3 49
0.70710678118654746  a  4  2  3 49  b  4  2  3 5
2
0.70710678118654746  a  4  2  3 6  b  4  2  3 49
0.70710678118654746  a  4  2  3 49  b  4  2  3 6
2
0.70710678118654746  a  4  2  3 7  b  4  2  3 49
0.70710678118654746  a  4  2  3 49  b  4  2  3 7
2
0.70710678118654746  a  4  2  3 8  b  4  2  3 49
0.70710678118654746  a  4  2  3 49  b  4  2  3 8
2
0.70710678118654746  a  4  2  3 9  b  4  2  3 49
0.70710678118654746  a  4  2  3 49  b  4  2  3 9
2
0.70710678118654746  a  4  2  3 10  b  4  2  3 49
0.70710678118654746  a  4  2  3 49  b  4  2  3 10
2
0.70710678118654746  a  4  2  3 11  b  4  2  3 49
0.70710678118654746  a  4  2  3 49  b  4  2  3 11
2
0.70710678118654746  a  4  2  3 12  b  4  2  3 49
0.70710678118654746  a  4  2  3 49  b  4  2  3 12
2
0.70710678118654746  a  4  2  3 13  b  4  2  3 49
0.70710678118654746  a  4  2  3 49  b  4  2  3 13
