84 0.000000000000001
 ci_ch3_ion.out 
4 3
84
1
1.0  a  4  1  2 3  b  4  1  2
1
1.0  a  4  1  3 2  b  4  1  3
1
1.0  a  4  2  3 1  b  4  2  3
2
0.70710678118654746  a  4  1 2 5  b  4  1 3
0.70710678118654746  a  4  1 3 5  b  4  1 2
3
-0.40824829046386307  a  4  1 3 5  b  4  1 2
0.40824829046386307  a  4  1 2 5  b  4  1 3
0.81649658092772615  a  4  1 2 3  b  4  1 5
2
0.70710678118654746  a  4  1 2 6  b  4  1 3
0.70710678118654746  a  4  1 3 6  b  4  1 2
3
-0.40824829046386307  a  4  1 3 6  b  4  1 2
0.40824829046386307  a  4  1 2 6  b  4  1 3
0.81649658092772615  a  4  1 2 3  b  4  1 6
2
0.70710678118654746  a  4  1 2 7  b  4  1 3
0.70710678118654746  a  4  1 3 7  b  4  1 2
3
-0.40824829046386307  a  4  1 3 7  b  4  1 2
0.40824829046386307  a  4  1 2 7  b  4  1 3
0.81649658092772615  a  4  1 2 3  b  4  1 7
2
0.70710678118654746  a  4  1 2 8  b  4  1 3
0.70710678118654746  a  4  1 3 8  b  4  1 2
3
-0.40824829046386307  a  4  1 3 8  b  4  1 2
0.40824829046386307  a  4  1 2 8  b  4  1 3
0.81649658092772615  a  4  1 2 3  b  4  1 8
2
0.70710678118654746  a  4  1 2 9  b  4  1 3
0.70710678118654746  a  4  1 3 9  b  4  1 2
3
-0.40824829046386307  a  4  1 3 9  b  4  1 2
0.40824829046386307  a  4  1 2 9  b  4  1 3
0.81649658092772615  a  4  1 2 3  b  4  1 9
2
0.70710678118654746  a  4  1 2 10  b  4  1 3
0.70710678118654746  a  4  1 3 10  b  4  1 2
3
-0.40824829046386307  a  4  1 3 10  b  4  1 2
0.40824829046386307  a  4  1 2 10  b  4  1 3
0.81649658092772615  a  4  1 2 3  b  4  1 10
2
0.70710678118654746  a  4  1 2 11  b  4  1 3
0.70710678118654746  a  4  1 3 11  b  4  1 2
3
-0.40824829046386307  a  4  1 3 11  b  4  1 2
0.40824829046386307  a  4  1 2 11  b  4  1 3
0.81649658092772615  a  4  1 2 3  b  4  1 11
2
0.70710678118654746  a  4  1 2 12  b  4  1 3
0.70710678118654746  a  4  1 3 12  b  4  1 2
3
-0.40824829046386307  a  4  1 3 12  b  4  1 2
0.40824829046386307  a  4  1 2 12  b  4  1 3
0.81649658092772615  a  4  1 2 3  b  4  1 12
2
0.70710678118654746  a  4  1 2 13  b  4  1 3
0.70710678118654746  a  4  1 3 13  b  4  1 2
3
-0.40824829046386307  a  4  1 3 13  b  4  1 2
0.40824829046386307  a  4  1 2 13  b  4  1 3
0.81649658092772615  a  4  1 2 3  b  4  1 13
2
0.70710678118654746  a  4  2 1 5  b  4  2 3
0.70710678118654746  a  4  2 3 5  b  4  2 1
3
-0.40824829046386307  a  4  2 3 5  b  4  2 1
0.40824829046386307  a  4  2 1 5  b  4  2 3
0.81649658092772615  a  4  2 1 3  b  4  2 5
2
0.70710678118654746  a  4  2 1 6  b  4  2 3
0.70710678118654746  a  4  2 3 6  b  4  2 1
3
-0.40824829046386307  a  4  2 3 6  b  4  2 1
0.40824829046386307  a  4  2 1 6  b  4  2 3
0.81649658092772615  a  4  2 1 3  b  4  2 6
2
0.70710678118654746  a  4  2 1 7  b  4  2 3
0.70710678118654746  a  4  2 3 7  b  4  2 1
3
-0.40824829046386307  a  4  2 3 7  b  4  2 1
0.40824829046386307  a  4  2 1 7  b  4  2 3
0.81649658092772615  a  4  2 1 3  b  4  2 7
2
0.70710678118654746  a  4  2 1 8  b  4  2 3
0.70710678118654746  a  4  2 3 8  b  4  2 1
3
-0.40824829046386307  a  4  2 3 8  b  4  2 1
0.40824829046386307  a  4  2 1 8  b  4  2 3
0.81649658092772615  a  4  2 1 3  b  4  2 8
2
0.70710678118654746  a  4  2 1 9  b  4  2 3
0.70710678118654746  a  4  2 3 9  b  4  2 1
3
-0.40824829046386307  a  4  2 3 9  b  4  2 1
0.40824829046386307  a  4  2 1 9  b  4  2 3
0.81649658092772615  a  4  2 1 3  b  4  2 9
2
0.70710678118654746  a  4  2 1 10  b  4  2 3
0.70710678118654746  a  4  2 3 10  b  4  2 1
3
-0.40824829046386307  a  4  2 3 10  b  4  2 1
0.40824829046386307  a  4  2 1 10  b  4  2 3
0.81649658092772615  a  4  2 1 3  b  4  2 10
2
0.70710678118654746  a  4  2 1 11  b  4  2 3
0.70710678118654746  a  4  2 3 11  b  4  2 1
3
-0.40824829046386307  a  4  2 3 11  b  4  2 1
0.40824829046386307  a  4  2 1 11  b  4  2 3
0.81649658092772615  a  4  2 1 3  b  4  2 11
2
0.70710678118654746  a  4  2 1 12  b  4  2 3
0.70710678118654746  a  4  2 3 12  b  4  2 1
3
-0.40824829046386307  a  4  2 3 12  b  4  2 1
0.40824829046386307  a  4  2 1 12  b  4  2 3
0.81649658092772615  a  4  2 1 3  b  4  2 12
2
0.70710678118654746  a  4  2 1 13  b  4  2 3
0.70710678118654746  a  4  2 3 13  b  4  2 1
3
-0.40824829046386307  a  4  2 3 13  b  4  2 1
0.40824829046386307  a  4  2 1 13  b  4  2 3
0.81649658092772615  a  4  2 1 3  b  4  2 13
2
0.70710678118654746  a  4  3 1 5  b  4  3 2
0.70710678118654746  a  4  3 2 5  b  4  3 1
3
-0.40824829046386307  a  4  3 2 5  b  4  3 1
0.40824829046386307  a  4  3 1 5  b  4  3 2
0.81649658092772615  a  4  3 1 2  b  4  3 5
2
0.70710678118654746  a  4  3 1 6  b  4  3 2
0.70710678118654746  a  4  3 2 6  b  4  3 1
3
-0.40824829046386307  a  4  3 2 6  b  4  3 1
0.40824829046386307  a  4  3 1 6  b  4  3 2
0.81649658092772615  a  4  3 1 2  b  4  3 6
2
0.70710678118654746  a  4  3 1 7  b  4  3 2
0.70710678118654746  a  4  3 2 7  b  4  3 1
3
-0.40824829046386307  a  4  3 2 7  b  4  3 1
0.40824829046386307  a  4  3 1 7  b  4  3 2
0.81649658092772615  a  4  3 1 2  b  4  3 7
2
0.70710678118654746  a  4  3 1 8  b  4  3 2
0.70710678118654746  a  4  3 2 8  b  4  3 1
3
-0.40824829046386307  a  4  3 2 8  b  4  3 1
0.40824829046386307  a  4  3 1 8  b  4  3 2
0.81649658092772615  a  4  3 1 2  b  4  3 8
2
0.70710678118654746  a  4  3 1 9  b  4  3 2
0.70710678118654746  a  4  3 2 9  b  4  3 1
3
-0.40824829046386307  a  4  3 2 9  b  4  3 1
0.40824829046386307  a  4  3 1 9  b  4  3 2
0.81649658092772615  a  4  3 1 2  b  4  3 9
2
0.70710678118654746  a  4  3 1 10  b  4  3 2
0.70710678118654746  a  4  3 2 10  b  4  3 1
3
-0.40824829046386307  a  4  3 2 10  b  4  3 1
0.40824829046386307  a  4  3 1 10  b  4  3 2
0.81649658092772615  a  4  3 1 2  b  4  3 10
2
0.70710678118654746  a  4  3 1 11  b  4  3 2
0.70710678118654746  a  4  3 2 11  b  4  3 1
3
-0.40824829046386307  a  4  3 2 11  b  4  3 1
0.40824829046386307  a  4  3 1 11  b  4  3 2
0.81649658092772615  a  4  3 1 2  b  4  3 11
2
0.70710678118654746  a  4  3 1 12  b  4  3 2
0.70710678118654746  a  4  3 2 12  b  4  3 1
3
-0.40824829046386307  a  4  3 2 12  b  4  3 1
0.40824829046386307  a  4  3 1 12  b  4  3 2
0.81649658092772615  a  4  3 1 2  b  4  3 12
2
0.70710678118654746  a  4  3 1 13  b  4  3 2
0.70710678118654746  a  4  3 2 13  b  4  3 1
3
-0.40824829046386307  a  4  3 2 13  b  4  3 1
0.40824829046386307  a  4  3 1 13  b  4  3 2
0.81649658092772615  a  4  3 1 2  b  4  3 13
1
1.0  a  4  1  2 5  b  4  1  2
1
1.0  a  4  1  2 6  b  4  1  2
1
1.0  a  4  1  2 7  b  4  1  2
1
1.0  a  4  1  2 8  b  4  1  2
1
1.0  a  4  1  2 9  b  4  1  2
1
1.0  a  4  1  2 10  b  4  1  2
1
1.0  a  4  1  2 11  b  4  1  2
1
1.0  a  4  1  2 12  b  4  1  2
1
1.0  a  4  1  2 13  b  4  1  2
1
1.0  a  4  1  3 5  b  4  1  3
1
1.0  a  4  1  3 6  b  4  1  3
1
1.0  a  4  1  3 7  b  4  1  3
1
1.0  a  4  1  3 8  b  4  1  3
1
1.0  a  4  1  3 9  b  4  1  3
1
1.0  a  4  1  3 10  b  4  1  3
1
1.0  a  4  1  3 11  b  4  1  3
1
1.0  a  4  1  3 12  b  4  1  3
1
1.0  a  4  1  3 13  b  4  1  3
1
1.0  a  4  2  3 5  b  4  2  3
1
1.0  a  4  2  3 6  b  4  2  3
1
1.0  a  4  2  3 7  b  4  2  3
1
1.0  a  4  2  3 8  b  4  2  3
1
1.0  a  4  2  3 9  b  4  2  3
1
1.0  a  4  2  3 10  b  4  2  3
1
1.0  a  4  2  3 11  b  4  2  3
1
1.0  a  4  2  3 12  b  4  2  3
1
1.0  a  4  2  3 13  b  4  2  3
