9 0.000000000000001
 ci_ch3_decay 
4 4
9
2
0.70710678118654746  a  1  2  3 4  b  1  2  3 5
0.70710678118654746  a  1  2  3 5  b  1  2  3 4
2
0.70710678118654746  a  1  2  3 4  b  1  2  3 6
0.70710678118654746  a  1  2  3 6  b  1  2  3 4
2
0.70710678118654746  a  1  2  3 4  b  1  2  3 7
0.70710678118654746  a  1  2  3 7  b  1  2  3 4
2
0.70710678118654746  a  1  2  3 4  b  1  2  3 8
0.70710678118654746  a  1  2  3 8  b  1  2  3 4
2
0.70710678118654746  a  1  2  3 4  b  1  2  3 9
0.70710678118654746  a  1  2  3 9  b  1  2  3 4
2
0.70710678118654746  a  1  2  3 4  b  1  2  3 10
0.70710678118654746  a  1  2  3 10  b  1  2  3 4
2
0.70710678118654746  a  1  2  3 4  b  1  2  3 11
0.70710678118654746  a  1  2  3 11  b  1  2  3 4
2
0.70710678118654746  a  1  2  3 4  b  1  2  3 12
0.70710678118654746  a  1  2  3 12  b  1  2  3 4
2
0.70710678118654746  a  1  2  3 4  b  1  2  3 13
0.70710678118654746  a  1  2  3 13  b  1  2  3 4
