2
0.70710678118654746  a  1 2  b  1 3
0.70710678118654746  a  1 3  b  1 2
2
0.70710678118654746  a  1 2  b  1 4
0.70710678118654746  a  1 4  b  1 2
2
0.70710678118654746  a  1 2  b  1 5
0.70710678118654746  a  1 5  b  1 2
2
0.70710678118654746  a  1 2  b  1 6
0.70710678118654746  a  1 6  b  1 2
2
0.70710678118654746  a  1 2  b  1 7
0.70710678118654746  a  1 7  b  1 2
2
0.70710678118654746  a  1 2  b  1 8
0.70710678118654746  a  1 8  b  1 2
2
0.70710678118654746  a  1 2  b  1 9
0.70710678118654746  a  1 9  b  1 2
1
1.0  a  1  2   b  1  2
2
0.70710678118654746  a  1 3  b  1 4
0.70710678118654746  a  1 4  b  1 3
2
0.70710678118654746  a  1 3  b  1 5
0.70710678118654746  a  1 5  b  1 3
2
0.70710678118654746  a  1 3  b  1 6
0.70710678118654746  a  1 6  b  1 3
2
0.70710678118654746  a  1 3  b  1 7
0.70710678118654746  a  1 7  b  1 3
2
0.70710678118654746  a  1 3  b  1 8
0.70710678118654746  a  1 8  b  1 3
2
0.70710678118654746  a  1 3  b  1 9
0.70710678118654746  a  1 9  b  1 3
1
1.0  a  1  3   b  1  3
2
0.70710678118654746  a  1 4  b  1 5
0.70710678118654746  a  1 5  b  1 4
2
0.70710678118654746  a  1 4  b  1 6
0.70710678118654746  a  1 6  b  1 4
2
0.70710678118654746  a  1 4  b  1 7
0.70710678118654746  a  1 7  b  1 4
2
0.70710678118654746  a  1 4  b  1 8
0.70710678118654746  a  1 8  b  1 4
2
0.70710678118654746  a  1 4  b  1 9
0.70710678118654746  a  1 9  b  1 4
1
1.0  a  1  4   b  1  4
2
0.70710678118654746  a  1 5  b  1 6
0.70710678118654746  a  1 6  b  1 5
2
0.70710678118654746  a  1 5  b  1 7
0.70710678118654746  a  1 7  b  1 5
2
0.70710678118654746  a  1 5  b  1 8
0.70710678118654746  a  1 8  b  1 5
2
0.70710678118654746  a  1 5  b  1 9
0.70710678118654746  a  1 9  b  1 5
1
1.0  a  1  5   b  1  5
2
0.70710678118654746  a  1 6  b  1 7
0.70710678118654746  a  1 7  b  1 6
2
0.70710678118654746  a  1 6  b  1 8
0.70710678118654746  a  1 8  b  1 6
2
0.70710678118654746  a  1 6  b  1 9
0.70710678118654746  a  1 9  b  1 6
1
1.0  a  1  6   b  1  6
2
0.70710678118654746  a  1 7  b  1 8
0.70710678118654746  a  1 8  b  1 7
2
0.70710678118654746  a  1 7  b  1 9
0.70710678118654746  a  1 9  b  1 7
1
1.0  a  1  7   b  1  7
2
0.70710678118654746  a  1 8  b  1 9
0.70710678118654746  a  1 9  b  1 8
1
1.0  a  1  8   b  1  8
1
1.0  a  1  9   b  1  9
