100 0.000000000000001
 ci_ne_final_16.out 
5 5
100
2
0.70710678118654746  a  5  1  2  3 4  b  5  1  2  3 16
0.70710678118654746  a  5  1  2  3 16  b  5  1  2  3 4
2
0.70710678118654746  a  5  1  2  4 3  b  5  1  2  4 16
0.70710678118654746  a  5  1  2  4 16  b  5  1  2  4 3
2
0.70710678118654746  a  5  1  3  4 2  b  5  1  3  4 16
0.70710678118654746  a  5  1  3  4 16  b  5  1  3  4 2
2
0.70710678118654746  a  5  2  3  4 1  b  5  2  3  4 16
0.70710678118654746  a  5  2  3  4 16  b  5  2  3  4 1
4
0.5  a  5  1  2 3 6  b  5  1  2 4 16
0.5  a  5  1  2 3 16  b  5  1  2 4 6
0.5  a  5  1  2 4 6  b  5  1  2 3 16
0.5  a  5  1  2 4 16  b  5  1  2 3 6
6
0.57735026918962584  a  5  1  2 3 4  b  5  1  2 6 16
0.57735026918962584  a  5  1  2 6 16  b  5  1  2 3 4
0.28867513459481292  a  5  1  2 3 6  b  5  1  2 4 16
0.28867513459481292  a  5  1  2 4 16  b  5  1  2 3 6
-0.28867513459481292  a  5  1  2 3 16  b  5  1  2 4 6
-0.28867513459481292  a  5  1  2 4 6  b  5  1  2 3 16
4
0.5  a  5  1  2 3 7  b  5  1  2 4 16
0.5  a  5  1  2 3 16  b  5  1  2 4 7
0.5  a  5  1  2 4 7  b  5  1  2 3 16
0.5  a  5  1  2 4 16  b  5  1  2 3 7
6
0.57735026918962584  a  5  1  2 3 4  b  5  1  2 7 16
0.57735026918962584  a  5  1  2 7 16  b  5  1  2 3 4
0.28867513459481292  a  5  1  2 3 7  b  5  1  2 4 16
0.28867513459481292  a  5  1  2 4 16  b  5  1  2 3 7
-0.28867513459481292  a  5  1  2 3 16  b  5  1  2 4 7
-0.28867513459481292  a  5  1  2 4 7  b  5  1  2 3 16
4
0.5  a  5  1  2 3 8  b  5  1  2 4 16
0.5  a  5  1  2 3 16  b  5  1  2 4 8
0.5  a  5  1  2 4 8  b  5  1  2 3 16
0.5  a  5  1  2 4 16  b  5  1  2 3 8
6
0.57735026918962584  a  5  1  2 3 4  b  5  1  2 8 16
0.57735026918962584  a  5  1  2 8 16  b  5  1  2 3 4
0.28867513459481292  a  5  1  2 3 8  b  5  1  2 4 16
0.28867513459481292  a  5  1  2 4 16  b  5  1  2 3 8
-0.28867513459481292  a  5  1  2 3 16  b  5  1  2 4 8
-0.28867513459481292  a  5  1  2 4 8  b  5  1  2 3 16
4
0.5  a  5  1  3 2 6  b  5  1  3 4 16
0.5  a  5  1  3 2 16  b  5  1  3 4 6
0.5  a  5  1  3 4 6  b  5  1  3 2 16
0.5  a  5  1  3 4 16  b  5  1  3 2 6
6
0.57735026918962584  a  5  1  3 2 4  b  5  1  3 6 16
0.57735026918962584  a  5  1  3 6 16  b  5  1  3 2 4
0.28867513459481292  a  5  1  3 2 6  b  5  1  3 4 16
0.28867513459481292  a  5  1  3 4 16  b  5  1  3 2 6
-0.28867513459481292  a  5  1  3 2 16  b  5  1  3 4 6
-0.28867513459481292  a  5  1  3 4 6  b  5  1  3 2 16
4
0.5  a  5  1  3 2 7  b  5  1  3 4 16
0.5  a  5  1  3 2 16  b  5  1  3 4 7
0.5  a  5  1  3 4 7  b  5  1  3 2 16
0.5  a  5  1  3 4 16  b  5  1  3 2 7
6
0.57735026918962584  a  5  1  3 2 4  b  5  1  3 7 16
0.57735026918962584  a  5  1  3 7 16  b  5  1  3 2 4
0.28867513459481292  a  5  1  3 2 7  b  5  1  3 4 16
0.28867513459481292  a  5  1  3 4 16  b  5  1  3 2 7
-0.28867513459481292  a  5  1  3 2 16  b  5  1  3 4 7
-0.28867513459481292  a  5  1  3 4 7  b  5  1  3 2 16
4
0.5  a  5  1  3 2 8  b  5  1  3 4 16
0.5  a  5  1  3 2 16  b  5  1  3 4 8
0.5  a  5  1  3 4 8  b  5  1  3 2 16
0.5  a  5  1  3 4 16  b  5  1  3 2 8
6
0.57735026918962584  a  5  1  3 2 4  b  5  1  3 8 16
0.57735026918962584  a  5  1  3 8 16  b  5  1  3 2 4
0.28867513459481292  a  5  1  3 2 8  b  5  1  3 4 16
0.28867513459481292  a  5  1  3 4 16  b  5  1  3 2 8
-0.28867513459481292  a  5  1  3 2 16  b  5  1  3 4 8
-0.28867513459481292  a  5  1  3 4 8  b  5  1  3 2 16
4
0.5  a  5  1  4 2 6  b  5  1  4 3 16
0.5  a  5  1  4 2 16  b  5  1  4 3 6
0.5  a  5  1  4 3 6  b  5  1  4 2 16
0.5  a  5  1  4 3 16  b  5  1  4 2 6
6
0.57735026918962584  a  5  1  4 2 3  b  5  1  4 6 16
0.57735026918962584  a  5  1  4 6 16  b  5  1  4 2 3
0.28867513459481292  a  5  1  4 2 6  b  5  1  4 3 16
0.28867513459481292  a  5  1  4 3 16  b  5  1  4 2 6
-0.28867513459481292  a  5  1  4 2 16  b  5  1  4 3 6
-0.28867513459481292  a  5  1  4 3 6  b  5  1  4 2 16
4
0.5  a  5  1  4 2 7  b  5  1  4 3 16
0.5  a  5  1  4 2 16  b  5  1  4 3 7
0.5  a  5  1  4 3 7  b  5  1  4 2 16
0.5  a  5  1  4 3 16  b  5  1  4 2 7
6
0.57735026918962584  a  5  1  4 2 3  b  5  1  4 7 16
0.57735026918962584  a  5  1  4 7 16  b  5  1  4 2 3
0.28867513459481292  a  5  1  4 2 7  b  5  1  4 3 16
0.28867513459481292  a  5  1  4 3 16  b  5  1  4 2 7
-0.28867513459481292  a  5  1  4 2 16  b  5  1  4 3 7
-0.28867513459481292  a  5  1  4 3 7  b  5  1  4 2 16
4
0.5  a  5  1  4 2 8  b  5  1  4 3 16
0.5  a  5  1  4 2 16  b  5  1  4 3 8
0.5  a  5  1  4 3 8  b  5  1  4 2 16
0.5  a  5  1  4 3 16  b  5  1  4 2 8
6
0.57735026918962584  a  5  1  4 2 3  b  5  1  4 8 16
0.57735026918962584  a  5  1  4 8 16  b  5  1  4 2 3
0.28867513459481292  a  5  1  4 2 8  b  5  1  4 3 16
0.28867513459481292  a  5  1  4 3 16  b  5  1  4 2 8
-0.28867513459481292  a  5  1  4 2 16  b  5  1  4 3 8
-0.28867513459481292  a  5  1  4 3 8  b  5  1  4 2 16
4
0.5  a  5  2  3 1 6  b  5  2  3 4 16
0.5  a  5  2  3 1 16  b  5  2  3 4 6
0.5  a  5  2  3 4 6  b  5  2  3 1 16
0.5  a  5  2  3 4 16  b  5  2  3 1 6
6
0.57735026918962584  a  5  2  3 1 4  b  5  2  3 6 16
0.57735026918962584  a  5  2  3 6 16  b  5  2  3 1 4
0.28867513459481292  a  5  2  3 1 6  b  5  2  3 4 16
0.28867513459481292  a  5  2  3 4 16  b  5  2  3 1 6
-0.28867513459481292  a  5  2  3 1 16  b  5  2  3 4 6
-0.28867513459481292  a  5  2  3 4 6  b  5  2  3 1 16
4
0.5  a  5  2  3 1 7  b  5  2  3 4 16
0.5  a  5  2  3 1 16  b  5  2  3 4 7
0.5  a  5  2  3 4 7  b  5  2  3 1 16
0.5  a  5  2  3 4 16  b  5  2  3 1 7
6
0.57735026918962584  a  5  2  3 1 4  b  5  2  3 7 16
0.57735026918962584  a  5  2  3 7 16  b  5  2  3 1 4
0.28867513459481292  a  5  2  3 1 7  b  5  2  3 4 16
0.28867513459481292  a  5  2  3 4 16  b  5  2  3 1 7
-0.28867513459481292  a  5  2  3 1 16  b  5  2  3 4 7
-0.28867513459481292  a  5  2  3 4 7  b  5  2  3 1 16
4
0.5  a  5  2  3 1 8  b  5  2  3 4 16
0.5  a  5  2  3 1 16  b  5  2  3 4 8
0.5  a  5  2  3 4 8  b  5  2  3 1 16
0.5  a  5  2  3 4 16  b  5  2  3 1 8
6
0.57735026918962584  a  5  2  3 1 4  b  5  2  3 8 16
0.57735026918962584  a  5  2  3 8 16  b  5  2  3 1 4
0.28867513459481292  a  5  2  3 1 8  b  5  2  3 4 16
0.28867513459481292  a  5  2  3 4 16  b  5  2  3 1 8
-0.28867513459481292  a  5  2  3 1 16  b  5  2  3 4 8
-0.28867513459481292  a  5  2  3 4 8  b  5  2  3 1 16
4
0.5  a  5  2  4 1 6  b  5  2  4 3 16
0.5  a  5  2  4 1 16  b  5  2  4 3 6
0.5  a  5  2  4 3 6  b  5  2  4 1 16
0.5  a  5  2  4 3 16  b  5  2  4 1 6
6
0.57735026918962584  a  5  2  4 1 3  b  5  2  4 6 16
0.57735026918962584  a  5  2  4 6 16  b  5  2  4 1 3
0.28867513459481292  a  5  2  4 1 6  b  5  2  4 3 16
0.28867513459481292  a  5  2  4 3 16  b  5  2  4 1 6
-0.28867513459481292  a  5  2  4 1 16  b  5  2  4 3 6
-0.28867513459481292  a  5  2  4 3 6  b  5  2  4 1 16
4
0.5  a  5  2  4 1 7  b  5  2  4 3 16
0.5  a  5  2  4 1 16  b  5  2  4 3 7
0.5  a  5  2  4 3 7  b  5  2  4 1 16
0.5  a  5  2  4 3 16  b  5  2  4 1 7
6
0.57735026918962584  a  5  2  4 1 3  b  5  2  4 7 16
0.57735026918962584  a  5  2  4 7 16  b  5  2  4 1 3
0.28867513459481292  a  5  2  4 1 7  b  5  2  4 3 16
0.28867513459481292  a  5  2  4 3 16  b  5  2  4 1 7
-0.28867513459481292  a  5  2  4 1 16  b  5  2  4 3 7
-0.28867513459481292  a  5  2  4 3 7  b  5  2  4 1 16
4
0.5  a  5  2  4 1 8  b  5  2  4 3 16
0.5  a  5  2  4 1 16  b  5  2  4 3 8
0.5  a  5  2  4 3 8  b  5  2  4 1 16
0.5  a  5  2  4 3 16  b  5  2  4 1 8
6
0.57735026918962584  a  5  2  4 1 3  b  5  2  4 8 16
0.57735026918962584  a  5  2  4 8 16  b  5  2  4 1 3
0.28867513459481292  a  5  2  4 1 8  b  5  2  4 3 16
0.28867513459481292  a  5  2  4 3 16  b  5  2  4 1 8
-0.28867513459481292  a  5  2  4 1 16  b  5  2  4 3 8
-0.28867513459481292  a  5  2  4 3 8  b  5  2  4 1 16
4
0.5  a  5  3  4 1 6  b  5  3  4 2 16
0.5  a  5  3  4 1 16  b  5  3  4 2 6
0.5  a  5  3  4 2 6  b  5  3  4 1 16
0.5  a  5  3  4 2 16  b  5  3  4 1 6
6
0.57735026918962584  a  5  3  4 1 2  b  5  3  4 6 16
0.57735026918962584  a  5  3  4 6 16  b  5  3  4 1 2
0.28867513459481292  a  5  3  4 1 6  b  5  3  4 2 16
0.28867513459481292  a  5  3  4 2 16  b  5  3  4 1 6
-0.28867513459481292  a  5  3  4 1 16  b  5  3  4 2 6
-0.28867513459481292  a  5  3  4 2 6  b  5  3  4 1 16
4
0.5  a  5  3  4 1 7  b  5  3  4 2 16
0.5  a  5  3  4 1 16  b  5  3  4 2 7
0.5  a  5  3  4 2 7  b  5  3  4 1 16
0.5  a  5  3  4 2 16  b  5  3  4 1 7
6
0.57735026918962584  a  5  3  4 1 2  b  5  3  4 7 16
0.57735026918962584  a  5  3  4 7 16  b  5  3  4 1 2
0.28867513459481292  a  5  3  4 1 7  b  5  3  4 2 16
0.28867513459481292  a  5  3  4 2 16  b  5  3  4 1 7
-0.28867513459481292  a  5  3  4 1 16  b  5  3  4 2 7
-0.28867513459481292  a  5  3  4 2 7  b  5  3  4 1 16
4
0.5  a  5  3  4 1 8  b  5  3  4 2 16
0.5  a  5  3  4 1 16  b  5  3  4 2 8
0.5  a  5  3  4 2 8  b  5  3  4 1 16
0.5  a  5  3  4 2 16  b  5  3  4 1 8
6
0.57735026918962584  a  5  3  4 1 2  b  5  3  4 8 16
0.57735026918962584  a  5  3  4 8 16  b  5  3  4 1 2
0.28867513459481292  a  5  3  4 1 8  b  5  3  4 2 16
0.28867513459481292  a  5  3  4 2 16  b  5  3  4 1 8
-0.28867513459481292  a  5  3  4 1 16  b  5  3  4 2 8
-0.28867513459481292  a  5  3  4 2 8  b  5  3  4 1 16
2
0.70710678118654746  a  5  1  2  3 6  b  5  1  2  3 16
0.70710678118654746  a  5  1  2  3 16  b  5  1  2  3 6
2
0.70710678118654746  a  5  1  2  3 7  b  5  1  2  3 16
0.70710678118654746  a  5  1  2  3 16  b  5  1  2  3 7
2
0.70710678118654746  a  5  1  2  3 8  b  5  1  2  3 16
0.70710678118654746  a  5  1  2  3 16  b  5  1  2  3 8
2
0.70710678118654746  a  5  1  2  4 6  b  5  1  2  4 16
0.70710678118654746  a  5  1  2  4 16  b  5  1  2  4 6
2
0.70710678118654746  a  5  1  2  4 7  b  5  1  2  4 16
0.70710678118654746  a  5  1  2  4 16  b  5  1  2  4 7
2
0.70710678118654746  a  5  1  2  4 8  b  5  1  2  4 16
0.70710678118654746  a  5  1  2  4 16  b  5  1  2  4 8
2
0.70710678118654746  a  5  1  3  4 6  b  5  1  3  4 16
0.70710678118654746  a  5  1  3  4 16  b  5  1  3  4 6
2
0.70710678118654746  a  5  1  3  4 7  b  5  1  3  4 16
0.70710678118654746  a  5  1  3  4 16  b  5  1  3  4 7
2
0.70710678118654746  a  5  1  3  4 8  b  5  1  3  4 16
0.70710678118654746  a  5  1  3  4 16  b  5  1  3  4 8
2
0.70710678118654746  a  5  2  3  4 6  b  5  2  3  4 16
0.70710678118654746  a  5  2  3  4 16  b  5  2  3  4 6
2
0.70710678118654746  a  5  2  3  4 7  b  5  2  3  4 16
0.70710678118654746  a  5  2  3  4 16  b  5  2  3  4 7
2
0.70710678118654746  a  5  2  3  4 8  b  5  2  3  4 16
0.70710678118654746  a  5  2  3  4 16  b  5  2  3  4 8
4
0.5  a  5  1  2 3 12  b  5  1  2 4 16
0.5  a  5  1  2 3 16  b  5  1  2 4 12
0.5  a  5  1  2 4 12  b  5  1  2 3 16
0.5  a  5  1  2 4 16  b  5  1  2 3 12
6
0.57735026918962584  a  5  1  2 3 4  b  5  1  2 12 16
0.57735026918962584  a  5  1  2 12 16  b  5  1  2 3 4
0.28867513459481292  a  5  1  2 3 12  b  5  1  2 4 16
0.28867513459481292  a  5  1  2 4 16  b  5  1  2 3 12
-0.28867513459481292  a  5  1  2 3 16  b  5  1  2 4 12
-0.28867513459481292  a  5  1  2 4 12  b  5  1  2 3 16
4
0.5  a  5  1  3 2 12  b  5  1  3 4 16
0.5  a  5  1  3 2 16  b  5  1  3 4 12
0.5  a  5  1  3 4 12  b  5  1  3 2 16
0.5  a  5  1  3 4 16  b  5  1  3 2 12
6
0.57735026918962584  a  5  1  3 2 4  b  5  1  3 12 16
0.57735026918962584  a  5  1  3 12 16  b  5  1  3 2 4
0.28867513459481292  a  5  1  3 2 12  b  5  1  3 4 16
0.28867513459481292  a  5  1  3 4 16  b  5  1  3 2 12
-0.28867513459481292  a  5  1  3 2 16  b  5  1  3 4 12
-0.28867513459481292  a  5  1  3 4 12  b  5  1  3 2 16
4
0.5  a  5  1  4 2 12  b  5  1  4 3 16
0.5  a  5  1  4 2 16  b  5  1  4 3 12
0.5  a  5  1  4 3 12  b  5  1  4 2 16
0.5  a  5  1  4 3 16  b  5  1  4 2 12
6
0.57735026918962584  a  5  1  4 2 3  b  5  1  4 12 16
0.57735026918962584  a  5  1  4 12 16  b  5  1  4 2 3
0.28867513459481292  a  5  1  4 2 12  b  5  1  4 3 16
0.28867513459481292  a  5  1  4 3 16  b  5  1  4 2 12
-0.28867513459481292  a  5  1  4 2 16  b  5  1  4 3 12
-0.28867513459481292  a  5  1  4 3 12  b  5  1  4 2 16
4
0.5  a  5  2  3 1 12  b  5  2  3 4 16
0.5  a  5  2  3 1 16  b  5  2  3 4 12
0.5  a  5  2  3 4 12  b  5  2  3 1 16
0.5  a  5  2  3 4 16  b  5  2  3 1 12
6
0.57735026918962584  a  5  2  3 1 4  b  5  2  3 12 16
0.57735026918962584  a  5  2  3 12 16  b  5  2  3 1 4
0.28867513459481292  a  5  2  3 1 12  b  5  2  3 4 16
0.28867513459481292  a  5  2  3 4 16  b  5  2  3 1 12
-0.28867513459481292  a  5  2  3 1 16  b  5  2  3 4 12
-0.28867513459481292  a  5  2  3 4 12  b  5  2  3 1 16
4
0.5  a  5  2  4 1 12  b  5  2  4 3 16
0.5  a  5  2  4 1 16  b  5  2  4 3 12
0.5  a  5  2  4 3 12  b  5  2  4 1 16
0.5  a  5  2  4 3 16  b  5  2  4 1 12
6
0.57735026918962584  a  5  2  4 1 3  b  5  2  4 12 16
0.57735026918962584  a  5  2  4 12 16  b  5  2  4 1 3
0.28867513459481292  a  5  2  4 1 12  b  5  2  4 3 16
0.28867513459481292  a  5  2  4 3 16  b  5  2  4 1 12
-0.28867513459481292  a  5  2  4 1 16  b  5  2  4 3 12
-0.28867513459481292  a  5  2  4 3 12  b  5  2  4 1 16
4
0.5  a  5  3  4 1 12  b  5  3  4 2 16
0.5  a  5  3  4 1 16  b  5  3  4 2 12
0.5  a  5  3  4 2 12  b  5  3  4 1 16
0.5  a  5  3  4 2 16  b  5  3  4 1 12
6
0.57735026918962584  a  5  3  4 1 2  b  5  3  4 12 16
0.57735026918962584  a  5  3  4 12 16  b  5  3  4 1 2
0.28867513459481292  a  5  3  4 1 12  b  5  3  4 2 16
0.28867513459481292  a  5  3  4 2 16  b  5  3  4 1 12
-0.28867513459481292  a  5  3  4 1 16  b  5  3  4 2 12
-0.28867513459481292  a  5  3  4 2 12  b  5  3  4 1 16
2
0.70710678118654746  a  5  1  2  3 12  b  5  1  2  3 16
0.70710678118654746  a  5  1  2  3 16  b  5  1  2  3 12
2
0.70710678118654746  a  5  1  2  4 12  b  5  1  2  4 16
0.70710678118654746  a  5  1  2  4 16  b  5  1  2  4 12
2
0.70710678118654746  a  5  1  3  4 12  b  5  1  3  4 16
0.70710678118654746  a  5  1  3  4 16  b  5  1  3  4 12
2
0.70710678118654746  a  5  2  3  4 12  b  5  2  3  4 16
0.70710678118654746  a  5  2  3  4 16  b  5  2  3  4 12
4
0.5  a  5  1  2 3 132  b  5  1  2 4 16
0.5  a  5  1  2 3 16  b  5  1  2 4 132
0.5  a  5  1  2 4 132  b  5  1  2 3 16
0.5  a  5  1  2 4 16  b  5  1  2 3 132
6
0.57735026918962584  a  5  1  2 3 4  b  5  1  2 132 16
0.57735026918962584  a  5  1  2 132 16  b  5  1  2 3 4
0.28867513459481292  a  5  1  2 3 132  b  5  1  2 4 16
0.28867513459481292  a  5  1  2 4 16  b  5  1  2 3 132
-0.28867513459481292  a  5  1  2 3 16  b  5  1  2 4 132
-0.28867513459481292  a  5  1  2 4 132  b  5  1  2 3 16
4
0.5  a  5  1  2 3 133  b  5  1  2 4 16
0.5  a  5  1  2 3 16  b  5  1  2 4 133
0.5  a  5  1  2 4 133  b  5  1  2 3 16
0.5  a  5  1  2 4 16  b  5  1  2 3 133
6
0.57735026918962584  a  5  1  2 3 4  b  5  1  2 133 16
0.57735026918962584  a  5  1  2 133 16  b  5  1  2 3 4
0.28867513459481292  a  5  1  2 3 133  b  5  1  2 4 16
0.28867513459481292  a  5  1  2 4 16  b  5  1  2 3 133
-0.28867513459481292  a  5  1  2 3 16  b  5  1  2 4 133
-0.28867513459481292  a  5  1  2 4 133  b  5  1  2 3 16
4
0.5  a  5  1  3 2 132  b  5  1  3 4 16
0.5  a  5  1  3 2 16  b  5  1  3 4 132
0.5  a  5  1  3 4 132  b  5  1  3 2 16
0.5  a  5  1  3 4 16  b  5  1  3 2 132
6
0.57735026918962584  a  5  1  3 2 4  b  5  1  3 132 16
0.57735026918962584  a  5  1  3 132 16  b  5  1  3 2 4
0.28867513459481292  a  5  1  3 2 132  b  5  1  3 4 16
0.28867513459481292  a  5  1  3 4 16  b  5  1  3 2 132
-0.28867513459481292  a  5  1  3 2 16  b  5  1  3 4 132
-0.28867513459481292  a  5  1  3 4 132  b  5  1  3 2 16
4
0.5  a  5  1  3 2 133  b  5  1  3 4 16
0.5  a  5  1  3 2 16  b  5  1  3 4 133
0.5  a  5  1  3 4 133  b  5  1  3 2 16
0.5  a  5  1  3 4 16  b  5  1  3 2 133
6
0.57735026918962584  a  5  1  3 2 4  b  5  1  3 133 16
0.57735026918962584  a  5  1  3 133 16  b  5  1  3 2 4
0.28867513459481292  a  5  1  3 2 133  b  5  1  3 4 16
0.28867513459481292  a  5  1  3 4 16  b  5  1  3 2 133
-0.28867513459481292  a  5  1  3 2 16  b  5  1  3 4 133
-0.28867513459481292  a  5  1  3 4 133  b  5  1  3 2 16
4
0.5  a  5  1  4 2 132  b  5  1  4 3 16
0.5  a  5  1  4 2 16  b  5  1  4 3 132
0.5  a  5  1  4 3 132  b  5  1  4 2 16
0.5  a  5  1  4 3 16  b  5  1  4 2 132
6
0.57735026918962584  a  5  1  4 2 3  b  5  1  4 132 16
0.57735026918962584  a  5  1  4 132 16  b  5  1  4 2 3
0.28867513459481292  a  5  1  4 2 132  b  5  1  4 3 16
0.28867513459481292  a  5  1  4 3 16  b  5  1  4 2 132
-0.28867513459481292  a  5  1  4 2 16  b  5  1  4 3 132
-0.28867513459481292  a  5  1  4 3 132  b  5  1  4 2 16
4
0.5  a  5  1  4 2 133  b  5  1  4 3 16
0.5  a  5  1  4 2 16  b  5  1  4 3 133
0.5  a  5  1  4 3 133  b  5  1  4 2 16
0.5  a  5  1  4 3 16  b  5  1  4 2 133
6
0.57735026918962584  a  5  1  4 2 3  b  5  1  4 133 16
0.57735026918962584  a  5  1  4 133 16  b  5  1  4 2 3
0.28867513459481292  a  5  1  4 2 133  b  5  1  4 3 16
0.28867513459481292  a  5  1  4 3 16  b  5  1  4 2 133
-0.28867513459481292  a  5  1  4 2 16  b  5  1  4 3 133
-0.28867513459481292  a  5  1  4 3 133  b  5  1  4 2 16
4
0.5  a  5  2  3 1 132  b  5  2  3 4 16
0.5  a  5  2  3 1 16  b  5  2  3 4 132
0.5  a  5  2  3 4 132  b  5  2  3 1 16
0.5  a  5  2  3 4 16  b  5  2  3 1 132
6
0.57735026918962584  a  5  2  3 1 4  b  5  2  3 132 16
0.57735026918962584  a  5  2  3 132 16  b  5  2  3 1 4
0.28867513459481292  a  5  2  3 1 132  b  5  2  3 4 16
0.28867513459481292  a  5  2  3 4 16  b  5  2  3 1 132
-0.28867513459481292  a  5  2  3 1 16  b  5  2  3 4 132
-0.28867513459481292  a  5  2  3 4 132  b  5  2  3 1 16
4
0.5  a  5  2  3 1 133  b  5  2  3 4 16
0.5  a  5  2  3 1 16  b  5  2  3 4 133
0.5  a  5  2  3 4 133  b  5  2  3 1 16
0.5  a  5  2  3 4 16  b  5  2  3 1 133
6
0.57735026918962584  a  5  2  3 1 4  b  5  2  3 133 16
0.57735026918962584  a  5  2  3 133 16  b  5  2  3 1 4
0.28867513459481292  a  5  2  3 1 133  b  5  2  3 4 16
0.28867513459481292  a  5  2  3 4 16  b  5  2  3 1 133
-0.28867513459481292  a  5  2  3 1 16  b  5  2  3 4 133
-0.28867513459481292  a  5  2  3 4 133  b  5  2  3 1 16
4
0.5  a  5  2  4 1 132  b  5  2  4 3 16
0.5  a  5  2  4 1 16  b  5  2  4 3 132
0.5  a  5  2  4 3 132  b  5  2  4 1 16
0.5  a  5  2  4 3 16  b  5  2  4 1 132
6
0.57735026918962584  a  5  2  4 1 3  b  5  2  4 132 16
0.57735026918962584  a  5  2  4 132 16  b  5  2  4 1 3
0.28867513459481292  a  5  2  4 1 132  b  5  2  4 3 16
0.28867513459481292  a  5  2  4 3 16  b  5  2  4 1 132
-0.28867513459481292  a  5  2  4 1 16  b  5  2  4 3 132
-0.28867513459481292  a  5  2  4 3 132  b  5  2  4 1 16
4
0.5  a  5  2  4 1 133  b  5  2  4 3 16
0.5  a  5  2  4 1 16  b  5  2  4 3 133
0.5  a  5  2  4 3 133  b  5  2  4 1 16
0.5  a  5  2  4 3 16  b  5  2  4 1 133
6
0.57735026918962584  a  5  2  4 1 3  b  5  2  4 133 16
0.57735026918962584  a  5  2  4 133 16  b  5  2  4 1 3
0.28867513459481292  a  5  2  4 1 133  b  5  2  4 3 16
0.28867513459481292  a  5  2  4 3 16  b  5  2  4 1 133
-0.28867513459481292  a  5  2  4 1 16  b  5  2  4 3 133
-0.28867513459481292  a  5  2  4 3 133  b  5  2  4 1 16
4
0.5  a  5  3  4 1 132  b  5  3  4 2 16
0.5  a  5  3  4 1 16  b  5  3  4 2 132
0.5  a  5  3  4 2 132  b  5  3  4 1 16
0.5  a  5  3  4 2 16  b  5  3  4 1 132
6
0.57735026918962584  a  5  3  4 1 2  b  5  3  4 132 16
0.57735026918962584  a  5  3  4 132 16  b  5  3  4 1 2
0.28867513459481292  a  5  3  4 1 132  b  5  3  4 2 16
0.28867513459481292  a  5  3  4 2 16  b  5  3  4 1 132
-0.28867513459481292  a  5  3  4 1 16  b  5  3  4 2 132
-0.28867513459481292  a  5  3  4 2 132  b  5  3  4 1 16
4
0.5  a  5  3  4 1 133  b  5  3  4 2 16
0.5  a  5  3  4 1 16  b  5  3  4 2 133
0.5  a  5  3  4 2 133  b  5  3  4 1 16
0.5  a  5  3  4 2 16  b  5  3  4 1 133
6
0.57735026918962584  a  5  3  4 1 2  b  5  3  4 133 16
0.57735026918962584  a  5  3  4 133 16  b  5  3  4 1 2
0.28867513459481292  a  5  3  4 1 133  b  5  3  4 2 16
0.28867513459481292  a  5  3  4 2 16  b  5  3  4 1 133
-0.28867513459481292  a  5  3  4 1 16  b  5  3  4 2 133
-0.28867513459481292  a  5  3  4 2 133  b  5  3  4 1 16
2
0.70710678118654746  a  5  1  2  3 132  b  5  1  2  3 16
0.70710678118654746  a  5  1  2  3 16  b  5  1  2  3 132
2
0.70710678118654746  a  5  1  2  3 133  b  5  1  2  3 16
0.70710678118654746  a  5  1  2  3 16  b  5  1  2  3 133
2
0.70710678118654746  a  5  1  2  4 132  b  5  1  2  4 16
0.70710678118654746  a  5  1  2  4 16  b  5  1  2  4 132
2
0.70710678118654746  a  5  1  2  4 133  b  5  1  2  4 16
0.70710678118654746  a  5  1  2  4 16  b  5  1  2  4 133
2
0.70710678118654746  a  5  1  3  4 132  b  5  1  3  4 16
0.70710678118654746  a  5  1  3  4 16  b  5  1  3  4 132
2
0.70710678118654746  a  5  1  3  4 133  b  5  1  3  4 16
0.70710678118654746  a  5  1  3  4 16  b  5  1  3  4 133
2
0.70710678118654746  a  5  2  3  4 132  b  5  2  3  4 16
0.70710678118654746  a  5  2  3  4 16  b  5  2  3  4 132
2
0.70710678118654746  a  5  2  3  4 133  b  5  2  3  4 16
0.70710678118654746  a  5  2  3  4 16  b  5  2  3  4 133
