6 0.000000000000001
 ci_ne_decay 
5 5
6
2
0.70710678118654746  a  1  2  3  4 5  b  1  2  3  4 6
0.70710678118654746  a  1  2  3  4 6  b  1  2  3  4 5
2
0.70710678118654746  a  1  2  3  4 5  b  1  2  3  4 7
0.70710678118654746  a  1  2  3  4 7  b  1  2  3  4 5
2
0.70710678118654746  a  1  2  3  4 5  b  1  2  3  4 8
0.70710678118654746  a  1  2  3  4 8  b  1  2  3  4 5
2
0.70710678118654746  a  1  2  3  4 5  b  1  2  3  4 12
0.70710678118654746  a  1  2  3  4 12  b  1  2  3  4 5
2
0.70710678118654746  a  1  2  3  4 5  b  1  2  3  4 132
0.70710678118654746  a  1  2  3  4 132  b  1  2  3  4 5
2
0.70710678118654746  a  1  2  3  4 5  b  1  2  3  4 133
0.70710678118654746  a  1  2  3  4 133  b  1  2  3  4 5
