96 0.000000000000001
 ci_ne_ion.out 
5 4
96
2
0.70710678118654746  a  5  1  2 3 6  b  5  1  2 4
0.70710678118654746  a  5  1  2 4 6  b  5  1  2 3
3
-0.40824829046386307  a  5  1  2 4 6  b  5  1  2 3
0.40824829046386307  a  5  1  2 3 6  b  5  1  2 4
0.81649658092772615  a  5  1  2 3 4  b  5  1  2 6
2
0.70710678118654746  a  5  1  2 3 7  b  5  1  2 4
0.70710678118654746  a  5  1  2 4 7  b  5  1  2 3
3
-0.40824829046386307  a  5  1  2 4 7  b  5  1  2 3
0.40824829046386307  a  5  1  2 3 7  b  5  1  2 4
0.81649658092772615  a  5  1  2 3 4  b  5  1  2 7
2
0.70710678118654746  a  5  1  2 3 8  b  5  1  2 4
0.70710678118654746  a  5  1  2 4 8  b  5  1  2 3
3
-0.40824829046386307  a  5  1  2 4 8  b  5  1  2 3
0.40824829046386307  a  5  1  2 3 8  b  5  1  2 4
0.81649658092772615  a  5  1  2 3 4  b  5  1  2 8
2
0.70710678118654746  a  5  1  3 2 6  b  5  1  3 4
0.70710678118654746  a  5  1  3 4 6  b  5  1  3 2
3
-0.40824829046386307  a  5  1  3 4 6  b  5  1  3 2
0.40824829046386307  a  5  1  3 2 6  b  5  1  3 4
0.81649658092772615  a  5  1  3 2 4  b  5  1  3 6
2
0.70710678118654746  a  5  1  3 2 7  b  5  1  3 4
0.70710678118654746  a  5  1  3 4 7  b  5  1  3 2
3
-0.40824829046386307  a  5  1  3 4 7  b  5  1  3 2
0.40824829046386307  a  5  1  3 2 7  b  5  1  3 4
0.81649658092772615  a  5  1  3 2 4  b  5  1  3 7
2
0.70710678118654746  a  5  1  3 2 8  b  5  1  3 4
0.70710678118654746  a  5  1  3 4 8  b  5  1  3 2
3
-0.40824829046386307  a  5  1  3 4 8  b  5  1  3 2
0.40824829046386307  a  5  1  3 2 8  b  5  1  3 4
0.81649658092772615  a  5  1  3 2 4  b  5  1  3 8
2
0.70710678118654746  a  5  1  4 2 6  b  5  1  4 3
0.70710678118654746  a  5  1  4 3 6  b  5  1  4 2
3
-0.40824829046386307  a  5  1  4 3 6  b  5  1  4 2
0.40824829046386307  a  5  1  4 2 6  b  5  1  4 3
0.81649658092772615  a  5  1  4 2 3  b  5  1  4 6
2
0.70710678118654746  a  5  1  4 2 7  b  5  1  4 3
0.70710678118654746  a  5  1  4 3 7  b  5  1  4 2
3
-0.40824829046386307  a  5  1  4 3 7  b  5  1  4 2
0.40824829046386307  a  5  1  4 2 7  b  5  1  4 3
0.81649658092772615  a  5  1  4 2 3  b  5  1  4 7
2
0.70710678118654746  a  5  1  4 2 8  b  5  1  4 3
0.70710678118654746  a  5  1  4 3 8  b  5  1  4 2
3
-0.40824829046386307  a  5  1  4 3 8  b  5  1  4 2
0.40824829046386307  a  5  1  4 2 8  b  5  1  4 3
0.81649658092772615  a  5  1  4 2 3  b  5  1  4 8
2
0.70710678118654746  a  5  2  3 1 6  b  5  2  3 4
0.70710678118654746  a  5  2  3 4 6  b  5  2  3 1
3
-0.40824829046386307  a  5  2  3 4 6  b  5  2  3 1
0.40824829046386307  a  5  2  3 1 6  b  5  2  3 4
0.81649658092772615  a  5  2  3 1 4  b  5  2  3 6
2
0.70710678118654746  a  5  2  3 1 7  b  5  2  3 4
0.70710678118654746  a  5  2  3 4 7  b  5  2  3 1
3
-0.40824829046386307  a  5  2  3 4 7  b  5  2  3 1
0.40824829046386307  a  5  2  3 1 7  b  5  2  3 4
0.81649658092772615  a  5  2  3 1 4  b  5  2  3 7
2
0.70710678118654746  a  5  2  3 1 8  b  5  2  3 4
0.70710678118654746  a  5  2  3 4 8  b  5  2  3 1
3
-0.40824829046386307  a  5  2  3 4 8  b  5  2  3 1
0.40824829046386307  a  5  2  3 1 8  b  5  2  3 4
0.81649658092772615  a  5  2  3 1 4  b  5  2  3 8
2
0.70710678118654746  a  5  2  4 1 6  b  5  2  4 3
0.70710678118654746  a  5  2  4 3 6  b  5  2  4 1
3
-0.40824829046386307  a  5  2  4 3 6  b  5  2  4 1
0.40824829046386307  a  5  2  4 1 6  b  5  2  4 3
0.81649658092772615  a  5  2  4 1 3  b  5  2  4 6
2
0.70710678118654746  a  5  2  4 1 7  b  5  2  4 3
0.70710678118654746  a  5  2  4 3 7  b  5  2  4 1
3
-0.40824829046386307  a  5  2  4 3 7  b  5  2  4 1
0.40824829046386307  a  5  2  4 1 7  b  5  2  4 3
0.81649658092772615  a  5  2  4 1 3  b  5  2  4 7
2
0.70710678118654746  a  5  2  4 1 8  b  5  2  4 3
0.70710678118654746  a  5  2  4 3 8  b  5  2  4 1
3
-0.40824829046386307  a  5  2  4 3 8  b  5  2  4 1
0.40824829046386307  a  5  2  4 1 8  b  5  2  4 3
0.81649658092772615  a  5  2  4 1 3  b  5  2  4 8
2
0.70710678118654746  a  5  3  4 1 6  b  5  3  4 2
0.70710678118654746  a  5  3  4 2 6  b  5  3  4 1
3
-0.40824829046386307  a  5  3  4 2 6  b  5  3  4 1
0.40824829046386307  a  5  3  4 1 6  b  5  3  4 2
0.81649658092772615  a  5  3  4 1 2  b  5  3  4 6
2
0.70710678118654746  a  5  3  4 1 7  b  5  3  4 2
0.70710678118654746  a  5  3  4 2 7  b  5  3  4 1
3
-0.40824829046386307  a  5  3  4 2 7  b  5  3  4 1
0.40824829046386307  a  5  3  4 1 7  b  5  3  4 2
0.81649658092772615  a  5  3  4 1 2  b  5  3  4 7
2
0.70710678118654746  a  5  3  4 1 8  b  5  3  4 2
0.70710678118654746  a  5  3  4 2 8  b  5  3  4 1
3
-0.40824829046386307  a  5  3  4 2 8  b  5  3  4 1
0.40824829046386307  a  5  3  4 1 8  b  5  3  4 2
0.81649658092772615  a  5  3  4 1 2  b  5  3  4 8
1
1.0  a  5  1  2  3 6  b  5  1  2  3
1
1.0  a  5  1  2  3 7  b  5  1  2  3
1
1.0  a  5  1  2  3 8  b  5  1  2  3
1
1.0  a  5  1  2  4 6  b  5  1  2  4
1
1.0  a  5  1  2  4 7  b  5  1  2  4
1
1.0  a  5  1  2  4 8  b  5  1  2  4
1
1.0  a  5  1  3  4 6  b  5  1  3  4
1
1.0  a  5  1  3  4 7  b  5  1  3  4
1
1.0  a  5  1  3  4 8  b  5  1  3  4
1
1.0  a  5  2  3  4 6  b  5  2  3  4
1
1.0  a  5  2  3  4 7  b  5  2  3  4
1
1.0  a  5  2  3  4 8  b  5  2  3  4
2
0.70710678118654746  a  5  1  2 3 12  b  5  1  2 4
0.70710678118654746  a  5  1  2 4 12  b  5  1  2 3
3
-0.40824829046386307  a  5  1  2 4 12  b  5  1  2 3
0.40824829046386307  a  5  1  2 3 12  b  5  1  2 4
0.81649658092772615  a  5  1  2 3 4  b  5  1  2 12
2
0.70710678118654746  a  5  1  3 2 12  b  5  1  3 4
0.70710678118654746  a  5  1  3 4 12  b  5  1  3 2
3
-0.40824829046386307  a  5  1  3 4 12  b  5  1  3 2
0.40824829046386307  a  5  1  3 2 12  b  5  1  3 4
0.81649658092772615  a  5  1  3 2 4  b  5  1  3 12
2
0.70710678118654746  a  5  1  4 2 12  b  5  1  4 3
0.70710678118654746  a  5  1  4 3 12  b  5  1  4 2
3
-0.40824829046386307  a  5  1  4 3 12  b  5  1  4 2
0.40824829046386307  a  5  1  4 2 12  b  5  1  4 3
0.81649658092772615  a  5  1  4 2 3  b  5  1  4 12
2
0.70710678118654746  a  5  2  3 1 12  b  5  2  3 4
0.70710678118654746  a  5  2  3 4 12  b  5  2  3 1
3
-0.40824829046386307  a  5  2  3 4 12  b  5  2  3 1
0.40824829046386307  a  5  2  3 1 12  b  5  2  3 4
0.81649658092772615  a  5  2  3 1 4  b  5  2  3 12
2
0.70710678118654746  a  5  2  4 1 12  b  5  2  4 3
0.70710678118654746  a  5  2  4 3 12  b  5  2  4 1
3
-0.40824829046386307  a  5  2  4 3 12  b  5  2  4 1
0.40824829046386307  a  5  2  4 1 12  b  5  2  4 3
0.81649658092772615  a  5  2  4 1 3  b  5  2  4 12
2
0.70710678118654746  a  5  3  4 1 12  b  5  3  4 2
0.70710678118654746  a  5  3  4 2 12  b  5  3  4 1
3
-0.40824829046386307  a  5  3  4 2 12  b  5  3  4 1
0.40824829046386307  a  5  3  4 1 12  b  5  3  4 2
0.81649658092772615  a  5  3  4 1 2  b  5  3  4 12
1
1.0  a  5  1  2  3 12  b  5  1  2  3
1
1.0  a  5  1  2  4 12  b  5  1  2  4
1
1.0  a  5  1  3  4 12  b  5  1  3  4
1
1.0  a  5  2  3  4 12  b  5  2  3  4
2
0.70710678118654746  a  5  1  2 3 132  b  5  1  2 4
0.70710678118654746  a  5  1  2 4 132  b  5  1  2 3
3
-0.40824829046386307  a  5  1  2 4 132  b  5  1  2 3
0.40824829046386307  a  5  1  2 3 132  b  5  1  2 4
0.81649658092772615  a  5  1  2 3 4  b  5  1  2 132
2
0.70710678118654746  a  5  1  2 3 133  b  5  1  2 4
0.70710678118654746  a  5  1  2 4 133  b  5  1  2 3
3
-0.40824829046386307  a  5  1  2 4 133  b  5  1  2 3
0.40824829046386307  a  5  1  2 3 133  b  5  1  2 4
0.81649658092772615  a  5  1  2 3 4  b  5  1  2 133
2
0.70710678118654746  a  5  1  3 2 132  b  5  1  3 4
0.70710678118654746  a  5  1  3 4 132  b  5  1  3 2
3
-0.40824829046386307  a  5  1  3 4 132  b  5  1  3 2
0.40824829046386307  a  5  1  3 2 132  b  5  1  3 4
0.81649658092772615  a  5  1  3 2 4  b  5  1  3 132
2
0.70710678118654746  a  5  1  3 2 133  b  5  1  3 4
0.70710678118654746  a  5  1  3 4 133  b  5  1  3 2
3
-0.40824829046386307  a  5  1  3 4 133  b  5  1  3 2
0.40824829046386307  a  5  1  3 2 133  b  5  1  3 4
0.81649658092772615  a  5  1  3 2 4  b  5  1  3 133
2
0.70710678118654746  a  5  1  4 2 132  b  5  1  4 3
0.70710678118654746  a  5  1  4 3 132  b  5  1  4 2
3
-0.40824829046386307  a  5  1  4 3 132  b  5  1  4 2
0.40824829046386307  a  5  1  4 2 132  b  5  1  4 3
0.81649658092772615  a  5  1  4 2 3  b  5  1  4 132
2
0.70710678118654746  a  5  1  4 2 133  b  5  1  4 3
0.70710678118654746  a  5  1  4 3 133  b  5  1  4 2
3
-0.40824829046386307  a  5  1  4 3 133  b  5  1  4 2
0.40824829046386307  a  5  1  4 2 133  b  5  1  4 3
0.81649658092772615  a  5  1  4 2 3  b  5  1  4 133
2
0.70710678118654746  a  5  2  3 1 132  b  5  2  3 4
0.70710678118654746  a  5  2  3 4 132  b  5  2  3 1
3
-0.40824829046386307  a  5  2  3 4 132  b  5  2  3 1
0.40824829046386307  a  5  2  3 1 132  b  5  2  3 4
0.81649658092772615  a  5  2  3 1 4  b  5  2  3 132
2
0.70710678118654746  a  5  2  3 1 133  b  5  2  3 4
0.70710678118654746  a  5  2  3 4 133  b  5  2  3 1
3
-0.40824829046386307  a  5  2  3 4 133  b  5  2  3 1
0.40824829046386307  a  5  2  3 1 133  b  5  2  3 4
0.81649658092772615  a  5  2  3 1 4  b  5  2  3 133
2
0.70710678118654746  a  5  2  4 1 132  b  5  2  4 3
0.70710678118654746  a  5  2  4 3 132  b  5  2  4 1
3
-0.40824829046386307  a  5  2  4 3 132  b  5  2  4 1
0.40824829046386307  a  5  2  4 1 132  b  5  2  4 3
0.81649658092772615  a  5  2  4 1 3  b  5  2  4 132
2
0.70710678118654746  a  5  2  4 1 133  b  5  2  4 3
0.70710678118654746  a  5  2  4 3 133  b  5  2  4 1
3
-0.40824829046386307  a  5  2  4 3 133  b  5  2  4 1
0.40824829046386307  a  5  2  4 1 133  b  5  2  4 3
0.81649658092772615  a  5  2  4 1 3  b  5  2  4 133
2
0.70710678118654746  a  5  3  4 1 132  b  5  3  4 2
0.70710678118654746  a  5  3  4 2 132  b  5  3  4 1
3
-0.40824829046386307  a  5  3  4 2 132  b  5  3  4 1
0.40824829046386307  a  5  3  4 1 132  b  5  3  4 2
0.81649658092772615  a  5  3  4 1 2  b  5  3  4 132
2
0.70710678118654746  a  5  3  4 1 133  b  5  3  4 2
0.70710678118654746  a  5  3  4 2 133  b  5  3  4 1
3
-0.40824829046386307  a  5  3  4 2 133  b  5  3  4 1
0.40824829046386307  a  5  3  4 1 133  b  5  3  4 2
0.81649658092772615  a  5  3  4 1 2  b  5  3  4 133
1
1.0  a  5  1  2  3 132  b  5  1  2  3
1
1.0  a  5  1  2  3 133  b  5  1  2  3
1
1.0  a  5  1  2  4 132  b  5  1  2  4
1
1.0  a  5  1  2  4 133  b  5  1  2  4
1
1.0  a  5  1  3  4 132  b  5  1  3  4
1
1.0  a  5  1  3  4 133  b  5  1  3  4
1
1.0  a  5  2  3  4 132  b  5  2  3  4
1
1.0  a  5  2  3  4 133  b  5  2  3  4
