8 0.000000000000001
 ci_ch2+_final_13 
3 3
8
4
0.5  a  4 1 3  b  4 2 13
0.5  a  4 1 13  b  4 2 3
0.5  a  4 2 3  b  4 1 13
0.5  a  4 2 13  b  4 1 3
6
0.57735026918962584  a  4 1 2  b  4 3 13
0.57735026918962584  a  4 3 13  b  4 1 2
0.28867513459481292  a  4 1 3  b  4 2 13
0.28867513459481292  a  4 2 13  b  4 1 3
-0.28867513459481292  a  4 1 13  b  4 2 3
-0.28867513459481292  a  4 2 3  b  4 1 13
2
0.70710678118654746  a  4  1 2  b  4  1 13
0.70710678118654746  a  4  1 13  b  4  1 2
2
0.70710678118654746  a  4  2 1  b  4  2 13
0.70710678118654746  a  4  2 13  b  4  2 1
2
0.70710678118654746  a  4  1 3  b  4  1 13
0.70710678118654746  a  4  1 13  b  4  1 3
2
0.70710678118654746  a  4  3 1  b  4  3 13
0.70710678118654746  a  4  3 13  b  4  3 1
2
0.70710678118654746  a  4  2 3  b  4  2 13
0.70710678118654746  a  4  2 13  b  4  2 3
2
0.70710678118654746  a  4  3 2  b  4  3 13
0.70710678118654746  a  4  3 13  b  4  3 2
