21 0.000000000000001
 ci_nexne_ion_singlet 
10 10
21
2
0.70710678118654746  a  1  2  3  4  5  6  7  8 9  b  1  2  3  4  5  6  7  8 10
0.70710678118654746  a  1  2  3  4  5  6  7  8 10  b  1  2  3  4  5  6  7  8 9
2
0.70710678118654746  a  1  2  3  4  5  6  7  9 8  b  1  2  3  4  5  6  7  9 10
0.70710678118654746  a  1  2  3  4  5  6  7  9 10  b  1  2  3  4  5  6  7  9 8
2
0.70710678118654746  a  1  2  3  4  5  6  7  10 8  b  1  2  3  4  5  6  7  10 9
0.70710678118654746  a  1  2  3  4  5  6  7  10 9  b  1  2  3  4  5  6  7  10 8
2
0.70710678118654746  a  1  2  3  4  5  6  8  9 7  b  1  2  3  4  5  6  8  9 10
0.70710678118654746  a  1  2  3  4  5  6  8  9 10  b  1  2  3  4  5  6  8  9 7
2
0.70710678118654746  a  1  2  3  4  5  6  8  10 7  b  1  2  3  4  5  6  8  10 9
0.70710678118654746  a  1  2  3  4  5  6  8  10 9  b  1  2  3  4  5  6  8  10 7
2
0.70710678118654746  a  1  2  3  4  5  6  9  10 7  b  1  2  3  4  5  6  9  10 8
0.70710678118654746  a  1  2  3  4  5  6  9  10 8  b  1  2  3  4  5  6  9  10 7
2
0.70710678118654746  a  1  2  3  4  5  7  8  9 6  b  1  2  3  4  5  7  8  9 10
0.70710678118654746  a  1  2  3  4  5  7  8  9 10  b  1  2  3  4  5  7  8  9 6
2
0.70710678118654746  a  1  2  3  4  5  7  8  10 6  b  1  2  3  4  5  7  8  10 9
0.70710678118654746  a  1  2  3  4  5  7  8  10 9  b  1  2  3  4  5  7  8  10 6
2
0.70710678118654746  a  1  2  3  4  5  7  9  10 6  b  1  2  3  4  5  7  9  10 8
0.70710678118654746  a  1  2  3  4  5  7  9  10 8  b  1  2  3  4  5  7  9  10 6
2
0.70710678118654746  a  1  2  3  4  5  8  9  10 6  b  1  2  3  4  5  8  9  10 7
0.70710678118654746  a  1  2  3  4  5  8  9  10 7  b  1  2  3  4  5  8  9  10 6
2
0.70710678118654746  a  1  2  3  4  6  7  8  9 5  b  1  2  3  4  6  7  8  9 10
0.70710678118654746  a  1  2  3  4  6  7  8  9 10  b  1  2  3  4  6  7  8  9 5
2
0.70710678118654746  a  1  2  3  4  6  7  8  10 5  b  1  2  3  4  6  7  8  10 9
0.70710678118654746  a  1  2  3  4  6  7  8  10 9  b  1  2  3  4  6  7  8  10 5
2
0.70710678118654746  a  1  2  3  4  6  7  9  10 5  b  1  2  3  4  6  7  9  10 8
0.70710678118654746  a  1  2  3  4  6  7  9  10 8  b  1  2  3  4  6  7  9  10 5
2
0.70710678118654746  a  1  2  3  4  6  8  9  10 5  b  1  2  3  4  6  8  9  10 7
0.70710678118654746  a  1  2  3  4  6  8  9  10 7  b  1  2  3  4  6  8  9  10 5
2
0.70710678118654746  a  1  2  3  4  7  8  9  10 5  b  1  2  3  4  7  8  9  10 6
0.70710678118654746  a  1  2  3  4  7  8  9  10 6  b  1  2  3  4  7  8  9  10 5
1
1.0  a  1  2  3  4  5  6  7  8  9   b  1  2  3  4  5  6  7  8  9
1
1.0  a  1  2  3  4  5  6  7  8  10   b  1  2  3  4  5  6  7  8  10
1
1.0  a  1  2  3  4  5  6  7  9  10   b  1  2  3  4  5  6  7  9  10
1
1.0  a  1  2  3  4  5  6  8  9  10   b  1  2  3  4  5  6  8  9  10
1
1.0  a  1  2  3  4  5  7  8  9  10   b  1  2  3  4  5  7  8  9  10
1
1.0  a  1  2  3  4  6  7  8  9  10   b  1  2  3  4  6  7  8  9  10
