36 0.000000000000001
 ci_nexne_final_226 
10 9
36
2
0.70710678118654746  a  1  2  3  4  5  6  7  8 9 226  b  1  2  3  4  5  6  7  8 10
0.70710678118654746  a  1  2  3  4  5  6  7  8 10 226  b  1  2  3  4  5  6  7  8 9
3
-0.40824829046386307  a  1  2  3  4  5  6  7  8 10 226  b  1  2  3  4  5  6  7  8 9
0.40824829046386307  a  1  2  3  4  5  6  7  8 9 226  b  1  2  3  4  5  6  7  8 10
0.81649658092772615  a  1  2  3  4  5  6  7  8 9 10  b  1  2  3  4  5  6  7  8 226
2
0.70710678118654746  a  1  2  3  4  5  6  7  9 8 226  b  1  2  3  4  5  6  7  9 10
0.70710678118654746  a  1  2  3  4  5  6  7  9 10 226  b  1  2  3  4  5  6  7  9 8
3
-0.40824829046386307  a  1  2  3  4  5  6  7  9 10 226  b  1  2  3  4  5  6  7  9 8
0.40824829046386307  a  1  2  3  4  5  6  7  9 8 226  b  1  2  3  4  5  6  7  9 10
0.81649658092772615  a  1  2  3  4  5  6  7  9 8 10  b  1  2  3  4  5  6  7  9 226
2
0.70710678118654746  a  1  2  3  4  5  6  7  10 8 226  b  1  2  3  4  5  6  7  10 9
0.70710678118654746  a  1  2  3  4  5  6  7  10 9 226  b  1  2  3  4  5  6  7  10 8
3
-0.40824829046386307  a  1  2  3  4  5  6  7  10 9 226  b  1  2  3  4  5  6  7  10 8
0.40824829046386307  a  1  2  3  4  5  6  7  10 8 226  b  1  2  3  4  5  6  7  10 9
0.81649658092772615  a  1  2  3  4  5  6  7  10 8 9  b  1  2  3  4  5  6  7  10 226
2
0.70710678118654746  a  1  2  3  4  5  6  8  9 7 226  b  1  2  3  4  5  6  8  9 10
0.70710678118654746  a  1  2  3  4  5  6  8  9 10 226  b  1  2  3  4  5  6  8  9 7
3
-0.40824829046386307  a  1  2  3  4  5  6  8  9 10 226  b  1  2  3  4  5  6  8  9 7
0.40824829046386307  a  1  2  3  4  5  6  8  9 7 226  b  1  2  3  4  5  6  8  9 10
0.81649658092772615  a  1  2  3  4  5  6  8  9 7 10  b  1  2  3  4  5  6  8  9 226
2
0.70710678118654746  a  1  2  3  4  5  6  8  10 7 226  b  1  2  3  4  5  6  8  10 9
0.70710678118654746  a  1  2  3  4  5  6  8  10 9 226  b  1  2  3  4  5  6  8  10 7
3
-0.40824829046386307  a  1  2  3  4  5  6  8  10 9 226  b  1  2  3  4  5  6  8  10 7
0.40824829046386307  a  1  2  3  4  5  6  8  10 7 226  b  1  2  3  4  5  6  8  10 9
0.81649658092772615  a  1  2  3  4  5  6  8  10 7 9  b  1  2  3  4  5  6  8  10 226
2
0.70710678118654746  a  1  2  3  4  5  6  9  10 7 226  b  1  2  3  4  5  6  9  10 8
0.70710678118654746  a  1  2  3  4  5  6  9  10 8 226  b  1  2  3  4  5  6  9  10 7
3
-0.40824829046386307  a  1  2  3  4  5  6  9  10 8 226  b  1  2  3  4  5  6  9  10 7
0.40824829046386307  a  1  2  3  4  5  6  9  10 7 226  b  1  2  3  4  5  6  9  10 8
0.81649658092772615  a  1  2  3  4  5  6  9  10 7 8  b  1  2  3  4  5  6  9  10 226
2
0.70710678118654746  a  1  2  3  4  5  7  8  9 6 226  b  1  2  3  4  5  7  8  9 10
0.70710678118654746  a  1  2  3  4  5  7  8  9 10 226  b  1  2  3  4  5  7  8  9 6
3
-0.40824829046386307  a  1  2  3  4  5  7  8  9 10 226  b  1  2  3  4  5  7  8  9 6
0.40824829046386307  a  1  2  3  4  5  7  8  9 6 226  b  1  2  3  4  5  7  8  9 10
0.81649658092772615  a  1  2  3  4  5  7  8  9 6 10  b  1  2  3  4  5  7  8  9 226
2
0.70710678118654746  a  1  2  3  4  5  7  8  10 6 226  b  1  2  3  4  5  7  8  10 9
0.70710678118654746  a  1  2  3  4  5  7  8  10 9 226  b  1  2  3  4  5  7  8  10 6
3
-0.40824829046386307  a  1  2  3  4  5  7  8  10 9 226  b  1  2  3  4  5  7  8  10 6
0.40824829046386307  a  1  2  3  4  5  7  8  10 6 226  b  1  2  3  4  5  7  8  10 9
0.81649658092772615  a  1  2  3  4  5  7  8  10 6 9  b  1  2  3  4  5  7  8  10 226
2
0.70710678118654746  a  1  2  3  4  5  7  9  10 6 226  b  1  2  3  4  5  7  9  10 8
0.70710678118654746  a  1  2  3  4  5  7  9  10 8 226  b  1  2  3  4  5  7  9  10 6
3
-0.40824829046386307  a  1  2  3  4  5  7  9  10 8 226  b  1  2  3  4  5  7  9  10 6
0.40824829046386307  a  1  2  3  4  5  7  9  10 6 226  b  1  2  3  4  5  7  9  10 8
0.81649658092772615  a  1  2  3  4  5  7  9  10 6 8  b  1  2  3  4  5  7  9  10 226
2
0.70710678118654746  a  1  2  3  4  5  8  9  10 6 226  b  1  2  3  4  5  8  9  10 7
0.70710678118654746  a  1  2  3  4  5  8  9  10 7 226  b  1  2  3  4  5  8  9  10 6
3
-0.40824829046386307  a  1  2  3  4  5  8  9  10 7 226  b  1  2  3  4  5  8  9  10 6
0.40824829046386307  a  1  2  3  4  5  8  9  10 6 226  b  1  2  3  4  5  8  9  10 7
0.81649658092772615  a  1  2  3  4  5  8  9  10 6 7  b  1  2  3  4  5  8  9  10 226
2
0.70710678118654746  a  1  2  3  4  6  7  8  9 5 226  b  1  2  3  4  6  7  8  9 10
0.70710678118654746  a  1  2  3  4  6  7  8  9 10 226  b  1  2  3  4  6  7  8  9 5
3
-0.40824829046386307  a  1  2  3  4  6  7  8  9 10 226  b  1  2  3  4  6  7  8  9 5
0.40824829046386307  a  1  2  3  4  6  7  8  9 5 226  b  1  2  3  4  6  7  8  9 10
0.81649658092772615  a  1  2  3  4  6  7  8  9 5 10  b  1  2  3  4  6  7  8  9 226
2
0.70710678118654746  a  1  2  3  4  6  7  8  10 5 226  b  1  2  3  4  6  7  8  10 9
0.70710678118654746  a  1  2  3  4  6  7  8  10 9 226  b  1  2  3  4  6  7  8  10 5
3
-0.40824829046386307  a  1  2  3  4  6  7  8  10 9 226  b  1  2  3  4  6  7  8  10 5
0.40824829046386307  a  1  2  3  4  6  7  8  10 5 226  b  1  2  3  4  6  7  8  10 9
0.81649658092772615  a  1  2  3  4  6  7  8  10 5 9  b  1  2  3  4  6  7  8  10 226
2
0.70710678118654746  a  1  2  3  4  6  7  9  10 5 226  b  1  2  3  4  6  7  9  10 8
0.70710678118654746  a  1  2  3  4  6  7  9  10 8 226  b  1  2  3  4  6  7  9  10 5
3
-0.40824829046386307  a  1  2  3  4  6  7  9  10 8 226  b  1  2  3  4  6  7  9  10 5
0.40824829046386307  a  1  2  3  4  6  7  9  10 5 226  b  1  2  3  4  6  7  9  10 8
0.81649658092772615  a  1  2  3  4  6  7  9  10 5 8  b  1  2  3  4  6  7  9  10 226
2
0.70710678118654746  a  1  2  3  4  6  8  9  10 5 226  b  1  2  3  4  6  8  9  10 7
0.70710678118654746  a  1  2  3  4  6  8  9  10 7 226  b  1  2  3  4  6  8  9  10 5
3
-0.40824829046386307  a  1  2  3  4  6  8  9  10 7 226  b  1  2  3  4  6  8  9  10 5
0.40824829046386307  a  1  2  3  4  6  8  9  10 5 226  b  1  2  3  4  6  8  9  10 7
0.81649658092772615  a  1  2  3  4  6  8  9  10 5 7  b  1  2  3  4  6  8  9  10 226
2
0.70710678118654746  a  1  2  3  4  7  8  9  10 5 226  b  1  2  3  4  7  8  9  10 6
0.70710678118654746  a  1  2  3  4  7  8  9  10 6 226  b  1  2  3  4  7  8  9  10 5
3
-0.40824829046386307  a  1  2  3  4  7  8  9  10 6 226  b  1  2  3  4  7  8  9  10 5
0.40824829046386307  a  1  2  3  4  7  8  9  10 5 226  b  1  2  3  4  7  8  9  10 6
0.81649658092772615  a  1  2  3  4  7  8  9  10 5 6  b  1  2  3  4  7  8  9  10 226
1
1.0  a  1  2  3  4  5  6  7  8  9 226  b  1  2  3  4  5  6  7  8  9
1
1.0  a  1  2  3  4  5  6  7  8  10 226  b  1  2  3  4  5  6  7  8  10
1
1.0  a  1  2  3  4  5  6  7  9  10 226  b  1  2  3  4  5  6  7  9  10
1
1.0  a  1  2  3  4  5  6  8  9  10 226  b  1  2  3  4  5  6  8  9  10
1
1.0  a  1  2  3  4  5  7  8  9  10 226  b  1  2  3  4  5  7  8  9  10
1
1.0  a  1  2  3  4  6  7  8  9  10 226  b  1  2  3  4  6  7  8  9  10
