16 0.000000000000001
 ci_ne_doublet.out 
4 3
16
2
0.70710678118654746  a  2  3 1 5  b  2  3 4
0.70710678118654746  a  2  3 4 5  b  2  3 1
3
-0.40824829046386307  a  2  3 4 5  b  2  3 1
0.40824829046386307  a  2  3 1 5  b  2  3 4
0.81649658092772615  a  2  3 1 4  b  2  3 5
2
0.70710678118654746  a  2  4 1 5  b  2  4 3
0.70710678118654746  a  2  4 3 5  b  2  4 1
3
-0.40824829046386307  a  2  4 3 5  b  2  4 1
0.40824829046386307  a  2  4 1 5  b  2  4 3
0.81649658092772615  a  2  4 1 3  b  2  4 5
2
0.70710678118654746  a  2  5 1 4  b  2  5 3
0.70710678118654746  a  2  5 3 4  b  2  5 1
3
-0.40824829046386307  a  2  5 3 4  b  2  5 1
0.40824829046386307  a  2  5 1 4  b  2  5 3
0.81649658092772615  a  2  5 1 3  b  2  5 4
2
0.70710678118654746  a  3  4 1 5  b  3  4 2
0.70710678118654746  a  3  4 2 5  b  3  4 1
3
-0.40824829046386307  a  3  4 2 5  b  3  4 1
0.40824829046386307  a  3  4 1 5  b  3  4 2
0.81649658092772615  a  3  4 1 2  b  3  4 5
2
0.70710678118654746  a  3  5 1 4  b  3  5 2
0.70710678118654746  a  3  5 2 4  b  3  5 1
3
-0.40824829046386307  a  3  5 2 4  b  3  5 1
0.40824829046386307  a  3  5 1 4  b  3  5 2
0.81649658092772615  a  3  5 1 2  b  3  5 4
2
0.70710678118654746  a  4  5 1 3  b  4  5 2
0.70710678118654746  a  4  5 2 3  b  4  5 1
3
-0.40824829046386307  a  4  5 2 3  b  4  5 1
0.40824829046386307  a  4  5 1 3  b  4  5 2
0.81649658092772615  a  4  5 1 2  b  4  5 3
1
1.0  a  2  3  4 1  b  2  3  4
1
1.0  a  2  3  5 1  b  2  3  5
1
1.0  a  2  4  5 1  b  2  4  5
1
1.0  a  3  4  5 1  b  3  4  5
