16 0.000000000000001
 ci_ne_final_77.out 
4 4
16
4
0.5  a  2  3 1 5  b  2  3 4 77
0.5  a  2  3 1 77  b  2  3 4 5
0.5  a  2  3 4 5  b  2  3 1 77
0.5  a  2  3 4 77  b  2  3 1 5
6
0.57735026918962584  a  2  3 1 4  b  2  3 5 77
0.57735026918962584  a  2  3 5 77  b  2  3 1 4
0.28867513459481292  a  2  3 1 5  b  2  3 4 77
0.28867513459481292  a  2  3 4 77  b  2  3 1 5
-0.28867513459481292  a  2  3 1 77  b  2  3 4 5
-0.28867513459481292  a  2  3 4 5  b  2  3 1 77
4
0.5  a  2  4 1 5  b  2  4 3 77
0.5  a  2  4 1 77  b  2  4 3 5
0.5  a  2  4 3 5  b  2  4 1 77
0.5  a  2  4 3 77  b  2  4 1 5
6
0.57735026918962584  a  2  4 1 3  b  2  4 5 77
0.57735026918962584  a  2  4 5 77  b  2  4 1 3
0.28867513459481292  a  2  4 1 5  b  2  4 3 77
0.28867513459481292  a  2  4 3 77  b  2  4 1 5
-0.28867513459481292  a  2  4 1 77  b  2  4 3 5
-0.28867513459481292  a  2  4 3 5  b  2  4 1 77
4
0.5  a  2  5 1 4  b  2  5 3 77
0.5  a  2  5 1 77  b  2  5 3 4
0.5  a  2  5 3 4  b  2  5 1 77
0.5  a  2  5 3 77  b  2  5 1 4
6
0.57735026918962584  a  2  5 1 3  b  2  5 4 77
0.57735026918962584  a  2  5 4 77  b  2  5 1 3
0.28867513459481292  a  2  5 1 4  b  2  5 3 77
0.28867513459481292  a  2  5 3 77  b  2  5 1 4
-0.28867513459481292  a  2  5 1 77  b  2  5 3 4
-0.28867513459481292  a  2  5 3 4  b  2  5 1 77
4
0.5  a  3  4 1 5  b  3  4 2 77
0.5  a  3  4 1 77  b  3  4 2 5
0.5  a  3  4 2 5  b  3  4 1 77
0.5  a  3  4 2 77  b  3  4 1 5
6
0.57735026918962584  a  3  4 1 2  b  3  4 5 77
0.57735026918962584  a  3  4 5 77  b  3  4 1 2
0.28867513459481292  a  3  4 1 5  b  3  4 2 77
0.28867513459481292  a  3  4 2 77  b  3  4 1 5
-0.28867513459481292  a  3  4 1 77  b  3  4 2 5
-0.28867513459481292  a  3  4 2 5  b  3  4 1 77
4
0.5  a  3  5 1 4  b  3  5 2 77
0.5  a  3  5 1 77  b  3  5 2 4
0.5  a  3  5 2 4  b  3  5 1 77
0.5  a  3  5 2 77  b  3  5 1 4
6
0.57735026918962584  a  3  5 1 2  b  3  5 4 77
0.57735026918962584  a  3  5 4 77  b  3  5 1 2
0.28867513459481292  a  3  5 1 4  b  3  5 2 77
0.28867513459481292  a  3  5 2 77  b  3  5 1 4
-0.28867513459481292  a  3  5 1 77  b  3  5 2 4
-0.28867513459481292  a  3  5 2 4  b  3  5 1 77
4
0.5  a  4  5 1 3  b  4  5 2 77
0.5  a  4  5 1 77  b  4  5 2 3
0.5  a  4  5 2 3  b  4  5 1 77
0.5  a  4  5 2 77  b  4  5 1 3
6
0.57735026918962584  a  4  5 1 2  b  4  5 3 77
0.57735026918962584  a  4  5 3 77  b  4  5 1 2
0.28867513459481292  a  4  5 1 3  b  4  5 2 77
0.28867513459481292  a  4  5 2 77  b  4  5 1 3
-0.28867513459481292  a  4  5 1 77  b  4  5 2 3
-0.28867513459481292  a  4  5 2 3  b  4  5 1 77
2
0.70710678118654746  a  2  3  4 1  b  2  3  4 77
0.70710678118654746  a  2  3  4 77  b  2  3  4 1
2
0.70710678118654746  a  2  3  5 1  b  2  3  5 77
0.70710678118654746  a  2  3  5 77  b  2  3  5 1
2
0.70710678118654746  a  2  4  5 1  b  2  4  5 77
0.70710678118654746  a  2  4  5 77  b  2  4  5 1
2
0.70710678118654746  a  3  4  5 1  b  3  4  5 77
0.70710678118654746  a  3  4  5 77  b  3  4  5 1
